0 145.16 11.95
0 145.18 11.97
0 145.2 11.99
0 145.22 12.01
0 145.24 11.96
0 145.26 11.98
0 145.28 12.0
0 146.3 12.03
0 146.32 12.05
0 146.34 12.02
0 146.36 12.04
0 147.38 12.07
0 147.4 12.09
0 147.42 12.1
0 147.44 12.06
0 147.46 12.08
0 148.48 12.11
0 148.5 12.13
0 148.52 12.15
0 148.54 12.12
0 148.56 12.14
0 148.58 12.16
0 149.6 12.17
0 149.62 12.19
0 149.64 12.21
0 149.66 12.23
0 149.68 12.18
0 149.7 12.2
0 149.72 12.22
0 150.74 12.25
0 150.76 12.27
0 150.78 12.29
0 150.8 12.31
0 150.82 12.26
0 150.84 12.28
0 150.86 12.3
0 150.88 12.24
0 151.9 12.33
0 151.92 12.35
0 151.94 12.32
0 151.96 12.34
0 152.98 12.37
0 153.0 12.39
0 153.02 12.38
0 153.04 12.36
0 153.06 12.4
0 154.08 12.41
0 154.1 12.43
0 154.12 12.45
0 154.14 12.42
0 154.16 12.44
0 155.18 12.47
-1 155.2 13.7
0 155.22 12.46
0 155.24 12.48
0 155.26 10.52
-1 155.28 15.058
-1 155.3 13.64
-1 155.32 13.651
-1 156.34 14.9
-1 156.36 15.031
0 157.38 1.0
0 160.4 10.54
0 160.42 10.53
-1 160.44 14.566
0 161.46 10.58
0 161.48 10.56
0 161.5 10.55
0 161.52 10.57
0 162.54 1.0
0 162.56 10.6
0 162.58 10.59
0 162.6 10.59
0 162.62 10.61
0 163.64 10.62
0 163.66 10.64
0 163.68 10.66
0 163.7 10.63
0 163.72 10.65
0 163.74 10.65
0 164.76 10.68
0 164.78 10.7
0 164.8 10.67
0 164.82 10.67
0 164.84 10.69
0 164.86 10.69
0 164.88 10.71
0 165.9 10.72
0 165.92 10.74
0 165.94 10.76
0 165.96 10.78
0 165.98 10.73
0 166.0 10.73
0 166.02 10.75
0 166.04 10.75
0 166.06 10.77
0 166.08 10.77
0 167.1 10.8
0 167.12 10.82
0 167.14 10.84
0 167.16 10.81
0 167.18 10.83
0 167.2 10.83
0 167.22 10.85
0 167.24 10.85
0 167.26 10.79
-1 168.28 11.945
-1 168.3 11.905
-1 168.32 13.128
-1 168.34 13.106
-1 168.36 13.128
-1 168.38 14.405
-1 168.4 14.428
-1 168.42 14.43
-1 168.44 16.668
-1 168.46 15.828
-1 168.48 17.761
-1 168.5 18.299
-1 168.52 18.381
-1 168.54 21.844
-1 168.56 19.921
-1 168.58 19.936
0 168.6 10.86
0 168.62 10.87
-1 168.64 19.932
-1 168.66 19.947
-1 168.68 19.962
-1 168.7 19.977
-1 168.72 19.992
-1 168.74 21.524
-1 168.76 20.022
0 168.78 21.41
0 168.8 21.4
-1 168.82 19.971
-1 168.84 19.986
-1 168.86 20.001
-1 168.88 20.016
-1 168.9 20.031
-1 168.92 20.047
0 168.94 21.41
0 168.96 21.4
-1 168.98 19.995
0 169.0 3.51
-1 170.02 20.017
-1 170.04 22.024
-1 170.06 22.033
-1 170.08 22.049
-1 170.1 22.066
-1 170.12 20.094
-1 170.14 20.109
-1 170.16 20.124
-1 170.18 20.14
-1 170.2 22.108
-1 170.22 22.092
-1 170.24 22.117
-1 170.26 22.161
-1 170.28 20.217
-1 170.3 20.233
-1 170.32 21.906
-1 170.34 21.861
-1 170.36 20.279
-1 170.38 20.295
0 170.4 10.88
0 170.42 10.9
0 170.44 10.92
0 170.46 10.89
0 170.48 10.91
0 170.5 10.93
0 170.52 10.93
-1 170.54 20.243
-1 170.56 18.498
-1 170.58 20.275
-1 170.6 20.291
-1 170.62 20.306
-1 170.64 20.322
-1 170.66 20.338
-1 170.68 20.354
0 170.7 21.41
-1 170.72 20.336
-1 170.74 20.351
-1 170.76 20.367
-1 170.78 20.383
-1 170.8 20.399
-1 170.82 20.415
0 170.84 21.4
0 170.86 21.41
-1 170.88 20.363
-1 170.9 20.379
0 170.92 21.4
-1 170.94 20.36
-1 170.96 20.376
-1 170.98 20.392
-1 171.0 20.408
-1 171.02 20.424
-1 171.04 20.441
-1 171.06 20.457
-1 171.08 20.473
-1 171.1 20.489
-1 171.12 20.506
-1 171.14 20.522
-1 171.16 20.538
-1 171.18 20.555
-1 171.2 20.571
-1 171.22 20.587
-1 171.24 20.604
-1 171.26 20.62
-1 171.28 20.637
-1 171.3 20.653
-1 171.32 20.67
0 171.34 21.41
-1 171.36 20.651
-1 171.38 20.668
-1 172.4 22.621
-1 172.42 20.701
-1 172.44 20.718
0 172.46 21.46
-1 172.48 20.699
-1 172.5 20.716
-1 172.52 20.733
-1 172.54 20.75
-1 172.56 20.766
-1 172.58 20.783
-1 172.6 20.8
-1 172.62 20.817
-1 172.64 20.834
-1 172.66 20.851
0 172.68 10.94
0 172.7 10.96
0 172.72 10.98
0 172.74 11.0
0 172.76 10.95
0 172.78 10.97
0 172.8 10.97
0 172.82 10.99
0 172.84 21.4
-1 172.86 20.897
-1 172.88 20.778
-1 172.9 20.787
0 172.92 21.4
0 172.94 21.41
-1 172.96 20.733
-1 172.98 20.75
-1 173.0 20.767
-1 173.02 20.784
-1 173.04 20.801
-1 173.06 20.819
-1 173.08 20.836
-1 173.1 20.853
-1 173.12 20.87
0 173.14 21.41
-1 173.16 20.852
0 173.18 21.41
-1 173.2 20.833
0 173.22 21.41
-1 173.24 20.814
-1 173.26 20.831
-1 173.28 20.849
-1 173.3 20.866
-1 173.32 20.884
-1 173.34 20.901
-1 173.36 20.918
-1 173.38 20.936
-1 173.4 20.953
-1 173.42 20.971
-1 173.44 20.989
-1 173.46 21.006
-1 173.48 21.024
-1 173.5 21.042
-1 173.52 21.059
-1 173.54 21.077
-1 173.56 21.095
-1 173.58 21.112
-1 173.6 21.13
-1 173.62 21.148
0 173.64 21.4
0 174.66 11.06
0 174.68 11.02
0 174.7 11.04
0 174.72 11.01
0 174.74 11.03
0 174.76 11.05
0 174.78 11.07
-1 174.8 19.984
-1 174.82 19.862
0 174.84 21.4
0 174.86 21.41
0 174.88 21.4
-1 174.9 20.984
-1 174.92 21.001
-1 174.94 21.019
-1 174.96 21.037
-1 174.98 21.056
-1 175.0 21.074
-1 175.02 21.092
-1 175.04 21.11
-1 175.06 21.128
-1 175.08 21.146
-1 175.1 21.164
-1 175.12 21.183
-1 175.14 21.201
-1 175.16 21.219
0 175.18 21.41
-1 175.2 21.2
-1 175.22 21.219
-1 175.24 21.237
-1 175.26 21.256
-1 175.28 21.274
-1 175.3 21.293
-1 175.32 21.311
-1 175.34 21.33
-1 175.36 21.348
-1 175.38 21.367
0 175.4 21.4
-1 175.42 21.348
-1 175.44 21.367
-1 175.46 21.386
0 175.48 21.41
-1 175.5 21.367
-1 175.52 21.385
0 175.54 21.4
-1 175.56 21.367
-1 175.58 21.385
0 176.6 11.12
0 176.62 11.14
0 176.64 11.08
0 176.66 11.1
0 176.68 11.13
0 176.7 11.15
0 176.72 11.15
0 176.74 11.09
0 176.76 11.11
-1 176.78 19.774
-1 176.8 19.626
0 176.82 21.4
-1 176.84 21.258
-1 176.86 21.323
0 176.88 21.41
-1 176.9 21.308
-1 176.92 21.327
-1 176.94 21.346
-1 176.96 21.365
-1 176.98 21.385
-1 177.0 21.404
0 177.02 21.4
-1 177.04 21.385
0 177.06 21.4
0 177.08 21.41
-1 177.1 21.327
-1 177.12 21.346
-1 177.14 21.365
0 177.16 21.41
-1 177.18 21.346
-1 177.2 21.365
-1 177.22 21.384
0 177.24 21.41
-1 177.26 21.365
-1 177.28 21.384
0 177.3 21.4
-1 177.32 21.365
0 177.34 21.4
-1 177.36 21.345
-1 177.38 21.365
-1 177.4 21.384
0 177.42 21.4
-1 177.44 21.365
-1 177.46 21.384
0 177.48 21.41
-1 177.5 21.365
-1 177.52 21.384
0 177.54 21.4
-1 177.56 21.364
-1 177.58 21.384
0 177.6 21.41
0 178.62 11.18
0 178.64 11.2
0 178.66 11.22
0 178.68 11.16
0 178.7 11.19
0 178.72 11.19
0 178.74 11.21
0 178.76 11.17
0 178.78 11.17
0 178.8 11.23
0 178.82 11.23
-1 178.84 19.81
-1 178.86 19.799
0 178.88 21.4
0 178.9 21.41
0 178.92 21.4
-1 178.94 21.158
-1 178.96 21.178
-1 178.98 21.198
-1 179.0 21.218
0 179.02 21.41
-1 179.04 21.197
0 179.06 21.41
0 179.08 21.4
-1 179.1 21.136
-1 179.12 21.156
-1 179.14 21.176
0 179.16 21.4
-1 179.18 21.155
0 179.2 21.4
0 179.22 21.41
-1 179.24 21.094
-1 179.26 21.114
-1 179.28 21.134
-1 179.3 21.154
-1 179.32 21.174
-1 179.34 21.194
-1 179.36 21.214
-1 179.38 21.235
-1 179.4 21.255
-1 179.42 21.275
-1 179.44 21.296
0 179.46 21.4
-1 179.48 21.275
-1 179.5 21.296
-1 179.52 21.316
-1 179.54 21.337
-1 179.56 21.357
-1 179.58 21.378
-1 179.6 21.398
0 179.62 21.4
-1 179.64 21.378
-1 179.66 21.398
0 179.68 21.41
-1 179.7 21.378
-1 179.72 21.398
0 180.74 11.26
0 180.76 11.24
0 180.78 11.28
0 180.8 11.3
0 180.82 11.25
0 180.84 11.27
0 180.86 11.29
0 180.88 11.29
-1 180.9 19.297
-1 180.92 19.442
-1 180.94 21.205
0 180.96 21.4
0 180.98 21.41
0 181.0 21.4
-1 181.02 21.258
-1 181.04 21.279
-1 181.06 21.3
0 181.08 21.4
-1 181.1 21.279
0 181.12 21.4
0 181.14 21.41
-1 181.16 21.215
0 181.18 21.41
0 181.2 21.4
-1 181.22 21.15
0 181.24 21.4
0 181.26 21.41
0 181.28 21.4
-1 181.3 21.042
-1 181.32 21.063
-1 181.34 21.084
-1 181.36 21.105
-1 181.38 21.127
-1 181.4 21.148
-1 181.42 21.169
-1 181.44 21.19
-1 181.46 21.212
-1 181.48 21.233
-1 181.5 21.255
-1 181.52 21.276
-1 181.54 21.298
0 181.56 21.41
-1 181.58 21.276
-1 181.6 21.297
-1 181.62 21.319
-1 181.64 21.341
-1 181.66 21.362
0 182.68 11.32
0 182.7 11.34
0 182.72 11.36
0 182.74 11.33
0 182.76 11.31
0 182.78 11.35
-1 182.8 20.454
-1 182.82 20.222
0 182.84 21.41
0 182.86 21.4
0 182.88 21.41
-1 182.9 21.218
-1 182.92 21.24
-1 182.94 21.262
-1 182.96 21.284
-1 182.98 21.306
-1 183.0 21.328
-1 183.02 21.35
-1 183.04 21.372
-1 183.06 21.394
0 183.08 21.41
-1 183.1 21.372
0 183.12 21.41
0 183.14 21.4
0 183.16 21.41
0 183.18 21.41
-1 183.2 21.215
-1 183.22 21.237
-1 183.24 21.259
-1 183.26 21.282
-1 183.28 21.304
-1 183.3 21.326
-1 183.32 21.349
0 183.34 21.41
-1 183.36 21.326
-1 183.38 21.349
-1 183.4 21.371
0 183.42 21.41
-1 183.44 21.348
-1 183.46 21.371
0 183.48 21.4
-1 183.5 21.348
-1 183.52 21.371
0 183.54 21.41
-1 183.56 21.348
-1 183.58 21.371
-1 183.6 21.394
0 183.62 21.41
-1 183.64 21.371
0 184.66 21.4
0 184.68 21.41
-1 184.7 21.302
-1 184.72 21.325
-1 184.74 21.348
-1 184.76 21.371
-1 184.78 21.394
0 184.8 21.41
-1 184.82 21.37
-1 184.84 21.394
0 184.86 21.4
-1 184.88 21.37
-1 184.9 21.394
0 184.92 21.41
-1 184.94 21.37
-1 184.96 21.394
0 184.98 21.4
-1 185.0 21.37
0 185.02 21.4
-1 185.04 21.347
-1 185.06 21.37
0 185.08 21.41
-1 185.1 21.346
-1 185.12 21.37
-1 185.14 21.393
0 185.16 21.41
-1 185.18 21.37
-1 185.2 21.393
0 185.22 21.4
-1 185.24 21.37
-1 185.26 21.393
0 185.28 21.41
-1 185.3 21.37
-1 185.32 21.393
0 185.34 21.4
-1 185.36 21.369
-1 185.38 21.393
0 185.4 21.41
-1 185.42 21.369
-1 185.44 21.393
0 185.46 21.4
-1 185.48 21.369
0 186.5 11.36
0 186.52 11.38
0 186.54 21.4
-1 186.56 20.901
-1 186.58 21.34
-1 186.6 21.364
0 186.62 21.4
0 186.64 21.41
0 186.66 21.4
0 186.68 21.41
0 186.7 21.4
0 186.72 21.41
0 186.74 21.4
-1 186.76 21.047
-1 186.78 21.071
-1 186.8 21.095
-1 186.82 21.119
-1 186.84 21.143
-1 186.86 21.168
-1 186.88 21.192
-1 186.9 21.216
0 186.92 21.41
-1 186.94 21.191
-1 186.96 21.216
-1 186.98 21.24
-1 187.0 21.265
-1 187.02 21.289
-1 187.04 21.314
-1 187.06 21.339
-1 187.08 21.363
-1 187.1 21.388
0 187.12 21.41
-1 187.14 21.363
-1 187.16 21.388
0 187.18 21.4
-1 187.2 21.363
-1 187.22 21.388
0 187.24 21.41
-1 187.26 21.363
-1 187.28 21.388
0 187.3 21.4
-1 187.32 21.363
-1 187.34 21.388
0 187.36 21.41
0 188.38 21.4
-1 188.4 21.312
-1 188.42 21.337
-1 188.44 21.362
-1 188.46 21.388
0 188.48 21.41
-1 188.5 21.362
-1 188.52 21.388
0 188.54 21.41
-1 188.56 21.362
-1 188.58 21.388
0 188.6 21.41
-1 188.62 21.362
-1 188.64 21.388
0 188.66 21.4
-1 188.68 21.362
0 188.7 21.4
-1 188.72 21.336
-1 188.74 21.362
0 188.76 21.41
-1 188.78 21.336
-1 188.8 21.362
-1 188.82 21.387
0 188.84 21.41
-1 188.86 21.361
-1 188.88 21.387
0 188.9 21.4
-1 188.92 21.361
-1 188.94 21.387
0 188.96 21.41
-1 188.98 21.361
-1 189.0 21.387
0 189.02 21.4
-1 189.04 21.361
-1 189.06 21.387
0 189.08 21.41
-1 189.1 21.361
-1 189.12 21.387
0 189.14 21.4
-1 189.16 21.361
-1 189.18 21.387
0 189.2 21.41
-1 189.22 21.36
-1 190.24 21.387
0 190.26 21.4
-1 190.28 21.36
-1 190.3 21.387
0 190.32 21.41
-1 190.34 21.36
-1 190.36 21.387
0 190.38 21.4
-1 190.4 21.36
-1 190.42 21.387
0 190.44 21.41
-1 190.46 21.36
-1 190.48 21.387
0 190.5 21.41
-1 190.52 21.36
-1 190.54 21.387
0 190.56 21.4
-1 190.58 21.359
-1 190.6 21.387
0 190.62 21.41
-1 190.64 21.359
0 190.66 21.41
-1 190.68 21.332
-1 190.7 21.359
-1 190.72 21.386
0 190.74 21.41
-1 190.76 21.359
-1 190.78 21.386
0 190.8 21.4
-1 190.82 21.359
-1 190.84 21.386
0 190.86 21.41
-1 190.88 21.358
-1 190.9 21.386
0 190.92 21.4
-1 190.94 21.358
-1 190.96 21.386
0 190.98 21.41
-1 191.0 21.358
-1 191.02 21.386
0 191.04 21.4
-1 191.06 21.358
-1 191.08 21.386
0 192.1 21.4
-1 192.12 21.358
-1 192.14 21.386
0 192.16 21.41
-1 192.18 21.358
-1 192.2 21.386
0 192.22 21.4
-1 192.24 21.357
-1 192.26 21.386
0 192.28 21.41
-1 192.3 21.357
0 192.32 21.4
-1 192.34 21.328
-1 192.36 21.357
-1 192.38 21.386
0 192.4 21.41
-1 192.42 21.357
-1 192.44 21.386
0 192.46 21.4
-1 192.48 21.357
-1 192.5 21.385
0 192.52 21.4
-1 192.54 21.356
-1 192.56 21.385
0 192.58 21.41
-1 192.6 21.356
-1 192.62 21.385
0 192.64 21.41
-1 192.66 21.356
-1 192.68 21.385
0 192.7 21.4
-1 192.72 21.356
-1 192.74 21.385
0 192.76 21.41
-1 192.78 21.356
0 192.8 21.41
-1 192.82 21.326
-1 192.84 21.355
-1 192.86 21.385
0 192.88 21.41
-1 192.9 21.355
-1 192.92 21.385
0 192.94 21.4
-1 192.96 21.355
-1 193.98 21.385
0 194.0 21.41
-1 194.02 21.355
-1 194.04 21.385
0 194.06 21.41
-1 194.08 21.355
-1 194.1 21.385
0 194.12 21.41
-1 194.14 21.354
-1 194.16 21.384
0 194.18 21.41
-1 194.2 21.354
-1 194.22 21.384
0 194.24 21.4
-1 194.26 21.354
-1 194.28 21.384
0 194.3 21.41
-1 194.32 21.354
-1 194.34 21.384
0 194.36 21.4
-1 194.38 21.353
-1 194.4 21.384
0 194.42 21.41
-1 194.44 21.353
-1 194.46 21.384
0 194.48 21.4
-1 194.5 21.353
-1 194.52 21.384
0 194.54 21.41
-1 194.56 21.353
-1 194.58 21.384
0 194.6 21.41
-1 194.62 21.352
-1 194.64 21.384
0 194.66 21.4
-1 194.68 21.352
-1 194.7 21.384
0 194.72 21.41
-1 194.74 21.352
-1 194.76 21.384
0 194.78 21.4
-1 194.8 21.352
-1 194.82 21.383
0 194.84 21.41
-1 194.86 21.352
-1 194.88 21.383
0 195.9 11.38
0 195.92 1.5
0 195.94 11.42
0 195.96 11.4
0 195.98 11.44
0 196.0 11.46
0 196.02 11.41
0 196.04 11.41
0 196.06 11.39
0 196.08 11.43
0 196.1 11.45
0 196.12 11.47
-1 196.14 19.315
-1 196.16 18.951
-1 196.18 21.106
-1 196.2 20.011
-1 196.22 21.356
0 196.24 21.4
0 196.26 21.4
-1 196.28 21.257
-1 196.3 21.29
-1 196.32 21.323
-1 196.34 21.356
-1 196.36 21.389
0 196.38 21.4
0 196.4 21.41
-1 196.42 21.289
-1 196.44 21.322
-1 196.46 21.355
-1 196.48 21.388
0 196.5 21.4
-1 196.52 21.355
-1 196.54 21.388
0 196.56 21.41
-1 196.58 21.355
-1 196.6 21.388
0 196.62 21.4
-1 196.64 21.354
-1 196.66 21.388
0 196.68 21.41
-1 196.7 21.354
-1 196.72 21.388
0 196.74 21.4
-1 196.76 21.354
-1 196.78 21.388
0 196.8 21.41
-1 196.82 21.354
-1 196.84 21.388
0 196.86 21.4
-1 196.88 21.353
0 196.9 21.4
-1 196.92 21.319
-1 196.94 21.353
0 196.96 21.41
-1 196.98 21.318
-1 197.0 21.353
0 198.02 1.0
0 198.04 11.48
0 198.06 11.5
0 198.08 11.52
0 198.1 11.49
0 198.12 11.49
0 198.14 11.51
0 198.16 11.53
-1 198.18 19.837
-1 198.2 19.688
0 198.22 21.4
-1 198.24 21.333
0 198.26 21.4
0 198.28 21.41
0 198.3 21.41
-1 198.32 21.086
0 198.34 21.41
0 198.36 21.4
-1 198.38 20.977
-1 198.4 21.012
-1 198.42 21.047
0 198.44 21.4
-1 198.46 21.01
-1 198.48 21.046
-1 198.5 21.081
0 198.52 21.4
-1 198.54 21.044
0 198.56 21.4
-1 198.58 21.006
-1 198.6 21.042
-1 198.62 21.078
-1 198.64 21.114
-1 198.66 21.151
-1 198.68 21.187
-1 198.7 21.223
-1 198.72 21.26
-1 198.74 21.297
-1 198.76 21.334
-1 198.78 21.371
0 198.8 21.4
-1 198.82 21.333
-1 198.84 21.371
0 198.86 21.41
-1 198.88 21.333
-1 198.9 21.371
0 198.92 21.4
-1 198.94 21.333
-1 198.96 21.37
0 198.98 21.41
-1 199.0 21.332
-1 199.02 21.37
0 199.04 4.1
0 200.06 11.54
0 200.08 11.56
0 200.1 11.55
-1 200.12 20.804
-1 200.14 20.383
-1 200.16 21.179
-1 200.18 20.685
0 200.2 21.41
-1 200.22 20.188
-1 200.24 21.304
-1 200.26 20.993
0 200.28 21.41
0 200.3 21.41
0 200.32 21.4
-1 200.34 21.313
-1 200.36 21.192
-1 200.38 20.672
0 200.4 21.4
-1 200.42 21.352
-1 200.44 21.391
0 200.46 21.4
-1 200.48 21.352
0 200.5 21.4
-1 200.52 21.312
-1 200.54 21.351
-1 200.56 21.391
0 200.58 21.4
-1 200.6 21.351
-1 200.62 21.391
0 200.64 21.41
-1 200.66 21.351
0 200.68 21.41
-1 200.7 21.31
-1 200.72 21.35
0 200.74 21.41
-1 200.76 21.31
-1 200.78 21.35
-1 200.8 21.391
0 200.82 21.41
-1 200.84 21.35
-1 200.86 21.391
0 200.88 21.4
-1 200.9 21.349
-1 200.92 21.391
0 201.94 21.4
-1 201.96 21.349
-1 201.98 21.391
0 202.0 21.41
-1 202.02 21.349
-1 202.04 21.39
0 202.06 21.4
-1 202.08 21.349
-1 202.1 21.39
0 202.12 21.41
-1 202.14 21.348
-1 202.16 21.39
0 202.18 21.4
-1 202.2 21.348
-1 202.22 21.39
0 202.24 21.41
-1 202.26 21.347
0 202.28 21.41
-1 202.3 21.304
-1 202.32 21.347
-1 202.34 21.39
0 202.36 21.41
-1 202.38 21.347
-1 202.4 21.39
0 202.42 21.4
-1 202.44 21.346
-1 202.46 21.39
0 202.48 21.41
-1 202.5 21.346
-1 202.52 21.39
0 202.54 21.4
-1 202.56 21.346
-1 202.58 21.39
0 202.6 21.41
-1 202.62 21.345
-1 202.64 21.39
0 202.66 21.4
-1 202.68 21.345
-1 202.7 21.389
0 203.72 11.57
0 203.74 11.57
0 203.76 2.52
-1 203.78 20.898
0 203.8 21.4
0 203.82 21.41
0 203.84 21.4
-1 203.86 21.181
0 203.88 21.4
0 203.9 21.41
-1 203.92 21.042
-1 203.94 21.087
-1 203.96 21.133
-1 203.98 21.178
-1 204.0 21.223
-1 204.02 21.269
-1 204.04 21.315
-1 204.06 21.361
0 204.08 21.4
-1 204.1 21.315
-1 204.12 21.361
-1 204.14 21.408
0 204.16 21.4
-1 204.18 21.361
0 204.2 21.4
-1 204.22 21.313
-1 204.24 21.36
0 204.26 21.41
-1 204.28 21.313
-1 204.3 21.36
0 204.32 21.4
-1 204.34 21.312
-1 204.36 21.36
0 204.38 21.41
-1 204.4 21.312
-1 204.42 21.36
0 204.44 21.4
-1 204.46 21.311
-1 204.48 21.359
0 204.5 21.41
-1 204.52 21.31
0 205.54 11.39
-1 205.56 21.33
-1 205.58 20.862
0 205.6 21.43
0 205.62 21.45
-1 205.64 21.23
-1 205.66 21.279
0 205.68 21.41
-1 205.7 21.228
-1 205.72 21.278
0 205.74 21.4
-1 205.76 21.227
-1 205.78 21.277
0 205.8 21.42
-1 205.82 21.226
0 205.84 21.42
-1 205.86 21.174
-1 205.88 21.224
0 205.9 21.43
-1 205.92 21.172
-1 205.94 21.223
-1 205.96 21.274
-1 205.98 21.325
-1 206.0 21.376
-1 206.02 21.428
0 206.04 21.44
-1 206.06 21.376
-1 206.08 21.428
0 206.1 21.45
-1 206.12 21.375
-1 206.14 21.428
0 206.16 21.46
-1 206.18 21.375
-1 206.2 21.428
0 206.22 21.47
-1 206.24 21.374
0 206.26 21.42
-1 206.28 21.32
-1 206.3 21.374
0 207.32 21.49
-1 207.34 21.319
-1 207.36 21.373
0 208.38 10.51
0 208.4 11.38
0 208.42 3.51
0 211.44 21.5
-1 211.46 20.775
-1 211.48 21.341
-1 211.5 21.396
-1 211.52 21.451
0 211.54 21.51
-1 211.56 21.395
0 212.58 10.27
-1 212.6 21.426
-1 212.62 21.482
0 212.64 21.52
-1 212.66 21.425
-1 212.68 21.481
0 212.7 21.48
-1 212.72 21.425
-1 212.74 21.481
0 212.76 21.53
-1 212.78 21.424
-1 212.8 21.481
0 212.82 21.56
0 212.84 21.51
-1 212.86 21.307
-1 212.88 21.364
0 212.9 21.56
-1 212.92 21.305
-1 212.94 21.363
-1 212.96 21.421
0 212.98 21.52
-1 213.0 21.361
-1 213.02 21.42
-1 213.04 21.479
-1 213.06 21.539
0 213.08 21.56
-1 213.1 21.479
0 213.12 3.41
0 213.14 21.48
0 214.16 21.57
-1 214.18 21.328
-1 214.2 21.388
0 214.22 21.55
-1 214.24 21.326
-1 214.26 21.387
0 214.28 21.58
-1 214.3 21.324
-1 214.32 21.385
0 214.34 21.61
-1 214.36 21.322
-1 214.38 21.383
0 214.4 21.62
-1 214.42 21.319
-1 214.44 21.381
0 214.46 21.59
-1 214.48 21.317
-1 214.5 21.38
0 214.52 21.57
-1 214.54 21.315
-1 214.56 21.378
-1 214.58 21.441
-1 214.6 21.505
-1 214.62 21.57
0 214.64 21.62
-1 214.66 21.504
0 214.68 21.56
-1 215.7 21.439
0 215.72 21.67
-1 215.74 21.371
-1 215.76 21.437
-1 215.78 21.502
-1 215.8 21.569
-1 215.82 21.635
0 215.84 21.68
-1 215.86 21.568
0 215.88 21.63
-1 215.9 21.5
-1 215.92 21.567
-1 215.94 21.635
0 215.96 21.66
-1 215.98 21.566
-1 216.0 21.635
0 217.02 21.69
0 217.04 21.71
-1 217.06 21.425
0 217.08 21.43
-1 217.1 21.356
-1 217.12 21.425
-1 217.14 21.495
-1 217.16 21.565
-1 217.18 21.635
0 217.2 21.72
0 217.22 21.42
-1 217.24 21.422
-1 217.26 21.493
0 217.28 21.42
-1 217.3 21.422
-1 217.32 21.494
0 217.34 21.73
0 217.36 21.4
-1 217.38 21.275
-1 217.4 21.347
-1 217.42 21.42
-1 217.44 21.493
0 217.46 21.41
-1 217.48 21.42
0 217.5 21.41
-1 217.52 21.346
0 217.54 21.41
-1 217.56 21.271
-1 217.58 21.345
0 217.6 21.41
-1 217.62 21.269
-1 217.64 21.344
0 217.66 21.73
-1 217.68 21.264
-1 217.7 21.34
0 218.72 8.11
0 218.74 8.07
0 218.76 8.09
-1 218.78 20.862
-1 218.8 20.254
0 218.82 21.44
0 218.84 21.45
0 218.86 21.46
-1 218.88 21.068
-1 218.9 21.146
-1 218.92 21.224
-1 218.94 21.304
-1 218.96 21.383
0 218.98 21.43
-1 219.0 21.302
0 219.02 21.47
0 219.04 8.1
0 219.06 8.06
0 219.08 8.08
0 219.1 11.39
0 219.12 21.41
0 219.14 21.42
0 219.16 21.41
0 219.18 20.96
-1 219.2 20.464
0 219.22 11.4
0 220.24 8.17
0 220.26 8.13
0 220.28 8.15
-1 220.3 19.019
-1 220.32 20.525
-1 220.34 20.607
-1 220.36 20.691
-1 220.38 20.775
0 220.4 21.56
0 220.42 21.5
-1 220.44 19.138
-1 220.46 20.585
-1 220.48 19.174
-1 220.5 20.756
-1 220.52 20.843
-1 220.54 20.931
0 220.56 8.16
0 220.58 8.18
0 220.6 8.12
0 220.62 8.14
0 220.64 11.38
0 220.66 11.38
0 220.68 11.39
0 220.7 11.39
0 220.72 3.51
0 220.74 3.31
0 221.76 8.23
0 221.78 8.19
0 221.8 8.25
0 221.82 8.21
-1 221.84 20.429
-1 221.86 20.697
0 221.88 21.58
0 221.9 21.62
0 221.92 21.63
-1 221.94 14.861
-1 221.96 14.896
-1 221.98 20.525
-1 222.0 20.621
-1 222.02 20.717
-1 222.04 20.814
-1 222.06 20.913
0 222.08 8.22
0 222.1 8.24
0 222.12 8.2
0 223.14 8.29
0 223.16 8.31
0 223.18 8.27
0 223.2 8.33
-1 223.22 10.688
-1 223.24 14.194
-1 223.26 14.735
0 223.28 21.71
-1 223.3 19.741
-1 223.32 20.684
-1 223.34 20.759
-1 223.36 21.293
0 223.38 21.7
-1 223.4 21.178
0 223.42 21.74
0 223.44 21.65
-1 223.46 20.831
-1 223.48 20.94
-1 223.5 21.05
0 223.52 21.73
0 223.54 8.28
0 223.56 8.3
0 223.58 8.26
0 223.6 8.32
0 224.62 8.35
0 224.64 8.41
0 224.66 8.37
0 224.68 8.39
-1 224.7 18.468
-1 224.72 17.752
-1 224.74 20.161
-1 224.76 19.093
-1 224.78 20.456
-1 224.8 20.933
-1 224.82 21.461
-1 224.84 21.048
0 224.86 21.78
-1 224.88 21.456
-1 224.9 21.582
-1 224.92 21.71
0 224.94 21.79
0 224.96 8.34
0 224.98 8.4
0 225.0 8.36
0 225.02 8.38
0 226.04 8.47
0 226.06 8.43
0 226.08 8.45
0 226.1 8.49
0 226.12 21.86
0 226.14 21.87
-1 226.16 20.831
-1 226.18 20.964
-1 226.2 21.1
-1 226.22 21.237
-1 226.24 21.375
-1 226.26 21.516
-1 226.28 21.659
-1 226.3 21.803
0 226.32 21.83
-1 226.34 21.655
-1 226.36 21.802
0 226.38 8.46
0 226.4 8.48
0 226.42 8.42
0 226.44 8.44
0 227.46 8.53
0 227.48 8.51
0 227.5 8.55
-1 227.52 19.243
-1 227.54 19.135
0 227.56 21.89
-1 227.58 20.666
-1 227.6 20.571
0 227.62 21.96
0 227.64 21.94
-1 227.66 21.435
-1 227.68 21.599
-1 227.7 21.765
-1 227.72 21.933
0 227.74 21.91
-1 227.76 21.761
0 227.78 21.95
-1 227.8 21.583
0 227.82 8.5
0 227.84 8.52
0 227.86 8.54
0 228.88 8.59
0 228.9 8.61
0 228.92 8.63
0 228.94 8.57
-1 228.96 17.955
-1 228.98 18.258
-1 229.0 19.727
-1 229.02 20.535
-1 229.04 21.023
0 229.06 21.43
0 229.08 21.45
0 229.1 21.42
-1 229.12 21.331
0 229.14 21.46
0 229.16 8.58
0 229.18 8.6
0 229.2 8.62
0 229.22 8.56
0 230.24 8.65
0 230.26 8.67
0 230.28 8.06
-1 230.3 20.815
0 230.32 21.47
-1 230.34 20.582
0 230.36 21.4
0 230.38 21.47
-1 230.4 19.878
-1 230.42 20.09
-1 230.44 20.306
-1 230.46 20.527
0 230.48 21.5
-1 230.5 20.266
0 230.52 8.07
0 230.54 8.64
0 230.56 8.66
0 230.58 8.68
0 230.6 11.38
0 230.62 11.38
0 231.64 11.38
0 231.66 11.38
0 231.68 10.51
0 231.7 10.51
-1 231.72 19.532
0 231.74 10.51
-1 231.76 19.359
0 231.78 10.51
-1 231.8 19.455
0 231.82 11.38
0 231.84 10.52
0 231.86 10.52
0 231.88 11.38
0 231.9 11.38
0 231.92 10.52
0 231.94 11.38
0 231.96 10.52
0 231.98 10.52
0 232.0 4.1
0 232.02 3.41
-1 233.04 15.991
-1 233.06 13.331
-1 234.08 13.095
-1 234.1 13.112
-1 234.12 14.325
-1 234.14 14.301
-1 234.16 15.57
-1 234.18 15.41
0 240.2 8.04
0 240.22 0.05
0 240.24 3.51
0 241.26 3.1
0 243.28 3.01
0 259.3 8.06
0 259.32 4.1
-1 268.34 12.041
-1 268.36 11.997
-1 268.38 13.233
-1 268.4 13.207
-1 268.42 14.545
-1 268.44 14.537
-1 268.46 14.545
-1 268.48 14.572
-1 268.5 15.984
-1 268.52 15.992
-1 268.54 16.002
-1 268.56 16.021
-1 268.58 16.031
0 268.6 11.38
-1 268.62 16.098
0 268.64 11.38
-1 268.66 18.963
0 268.68 11.38
-1 268.7 17.819
0 268.72 11.38
-1 268.74 17.693
0 268.76 11.38
-1 268.78 19.237
0 268.8 11.38
-1 268.82 20.017
-1 268.84 20.202
0 268.86 11.38
0 268.88 21.41
0 268.9 11.38
0 268.92 21.4
0 268.94 11.38
0 268.96 21.4
0 268.98 21.41
0 269.0 11.38
-1 269.02 21.187
0 269.04 11.38
0 269.06 21.41
0 269.08 11.38
0 269.1 21.4
0 269.12 11.38
0 269.14 21.4
0 269.16 21.41
0 269.18 11.38
-1 269.2 12.198
0 269.22 11.38
-1 269.24 8.95
0 269.26 11.38
-1 269.28 17.636
