-1 173.72 14.262
-1 173.74 13.686
-1 173.76 13.692
-1 173.78 13.698
-1 173.8 13.704
-1 173.82 13.711
-1 173.84 13.717
-1 173.86 13.723
-1 173.88 13.729
-1 173.9 13.736
-1 173.92 13.742
-1 173.94 13.748
-1 173.96 15.112
-1 173.98 13.761
0 174.0 11.51
-1 174.02 13.758
-1 174.04 13.764
-1 174.06 13.77
-1 174.08 13.777
-1 174.1 13.783
-1 174.12 13.789
-1 174.14 13.796
-1 174.16 13.802
-1 174.18 13.808
-1 174.2 13.815
-1 174.22 13.821
-1 174.24 13.828
-1 174.26 13.834
-1 174.28 13.84
-1 174.3 13.847
-1 174.32 13.853
-1 174.34 13.86
-1 174.36 13.866
-1 174.38 13.872
-1 175.4 13.879
-1 175.42 13.885
-1 175.44 13.892
-1 175.46 13.898
-1 175.48 13.905
-1 175.5 13.911
-1 175.52 13.918
-1 175.54 13.924
-1 175.56 13.93
-1 175.58 13.937
-1 175.6 13.943
-1 175.62 13.95
-1 175.64 13.956
-1 175.66 13.963
-1 175.68 13.969
-1 175.7 13.976
-1 175.72 13.982
-1 175.74 13.989
-1 175.76 13.996
-1 175.78 14.002
-1 175.8 14.009
-1 175.82 14.015
-1 175.84 14.022
-1 175.86 14.028
-1 175.88 14.035
-1 175.9 14.041
-1 175.92 14.048
-1 175.94 14.055
-1 176.96 14.061
-1 176.98 14.068
-1 177.0 14.074
-1 177.02 14.081
-1 177.04 14.088
-1 177.06 14.094
-1 177.08 14.101
-1 177.1 14.108
-1 177.12 14.114
-1 177.14 14.121
-1 177.16 14.127
-1 177.18 14.134
-1 177.2 14.141
-1 177.22 14.148
-1 177.24 14.154
-1 177.26 14.161
-1 177.28 14.168
-1 177.3 14.174
-1 177.32 14.181
-1 177.34 14.188
-1 177.36 14.194
-1 177.38 14.201
-1 177.4 14.208
-1 177.42 14.215
-1 177.44 14.221
-1 177.46 14.228
-1 177.48 14.235
-1 177.5 14.242
-1 177.52 14.248
-1 177.54 14.255
-1 177.56 14.262
-1 177.58 14.269
-1 177.6 14.276
-1 178.62 14.282
-1 178.64 14.289
-1 178.66 14.296
-1 178.68 14.303
-1 178.7 15.725
-1 178.72 15.135
-1 178.74 15.165
-1 178.76 15.227
-1 178.78 15.289
-1 178.8 15.356
-1 178.82 15.427
-1 178.84 15.501
-1 178.86 15.578
-1 178.88 15.659
-1 178.9 15.743
0 178.92 11.51
-1 178.94 15.733
-1 178.96 14.382
-1 178.98 15.817
-1 179.0 14.396
-1 179.02 14.403
-1 179.04 14.41
-1 179.06 14.417
-1 179.08 14.424
-1 179.1 14.431
-1 179.12 14.438
-1 179.14 14.445
-1 179.16 14.452
-1 179.18 14.459
-1 179.2 14.466
-1 179.22 15.916
-1 179.24 14.48
-1 179.26 14.487
-1 179.28 14.494
-1 179.3 14.501
-1 179.32 14.508
-1 180.34 14.515
-1 180.36 14.522
-1 180.38 14.529
-1 180.4 15.963
-1 180.42 14.543
-1 180.44 15.954
-1 180.46 14.557
-1 180.48 14.564
-1 180.5 14.572
-1 180.52 14.579
-1 180.54 14.586
-1 180.56 14.593
-1 180.58 14.6
-1 180.6 16.059
-1 180.62 14.614
-1 180.64 14.621
-1 180.66 16.029
-1 180.68 14.636
-1 180.7 14.643
-1 180.72 14.65
-1 180.74 14.657
-1 181.76 14.664
-1 181.78 14.672
-1 181.8 14.679
-1 181.82 16.11
-1 181.84 16.102
-1 181.86 14.7
-1 181.88 14.708
-1 181.9 14.715
-1 181.92 14.722
-1 181.94 14.729
-1 181.96 14.737
-1 181.98 14.744
0 182.0 11.51
-1 182.02 14.741
-1 182.04 14.749
-1 182.06 14.756
-1 182.08 14.763
-1 182.1 16.244
-1 182.12 14.778
-1 182.14 14.785
-1 182.16 14.792
-1 182.18 16.272
-1 182.2 14.807
-1 182.22 14.814
-1 182.24 14.822
-1 182.26 16.311
-1 182.28 14.836
-1 182.3 16.323
-1 182.32 14.851
-1 183.34 14.859
-1 183.36 16.346
-1 183.38 14.873
-1 183.4 16.367
-1 183.42 14.888
-1 183.44 14.896
-1 183.46 16.39
-1 183.48 14.91
-1 183.5 14.918
-1 183.52 16.409
-1 183.54 14.933
-1 183.56 16.43
-1 183.58 14.948
0 183.6 11.51
-1 183.62 16.403
-1 183.64 16.42
-1 183.66 16.431
-1 183.68 16.447
-1 183.7 14.975
-1 183.72 16.45
-1 183.74 16.464
-1 184.76 16.475
-1 184.78 16.49
-1 184.8 16.505
-1 184.82 16.519
-1 184.84 15.028
-1 184.86 16.527
-1 184.88 16.538
-1 184.9 16.543
-1 184.92 16.542
-1 184.94 15.066
0 184.96 11.51
-1 184.98 16.56
0 185.0 11.51
-1 185.02 16.534
-1 186.04 16.56
-1 186.06 15.077
-1 186.08 15.084
-1 186.1 15.092
-1 186.12 16.609
-1 186.14 15.107
-1 186.16 15.115
-1 186.18 15.123
-1 186.2 15.13
-1 186.22 15.138
-1 186.24 15.146
0 186.26 11.51
-1 186.28 16.657
-1 187.3 15.151
-1 187.32 15.159
-1 187.34 15.167
-1 187.36 15.175
-1 187.38 15.182
-1 187.4 15.19
-1 187.42 16.71
-1 187.44 15.206
-1 187.46 16.726
-1 187.48 15.221
0 187.5 11.51
-1 187.52 15.219
-1 188.54 16.732
-1 188.56 16.756
-1 188.58 15.242
-1 188.6 15.25
-1 188.62 16.779
-1 188.64 15.266
-1 188.66 15.274
-1 188.68 16.801
-1 188.7 15.289
-1 188.72 15.297
-1 188.74 15.305
-1 188.76 16.809
-1 188.78 15.321
0 188.8 11.51
-1 188.82 16.841
-1 188.84 16.849
-1 188.86 16.857
-1 188.88 15.343
-1 188.9 15.351
-1 188.92 15.359
-1 188.94 15.367
-1 188.96 16.909
-1 188.98 15.383
-1 190.0 15.39
-1 190.02 15.398
-1 190.04 15.406
-1 190.06 15.414
-1 190.08 15.422
-1 190.1 16.006
-1 190.12 15.439
-1 190.14 15.447
-1 190.16 15.455
-1 190.18 16.997
-1 190.2 15.471
-1 190.22 17.009
-1 190.24 15.487
-1 190.26 16.75
-1 190.28 15.503
-1 190.3 15.511
0 190.32 11.51
-1 190.34 17.052
-1 190.36 15.517
-1 190.38 17.067
-1 190.4 15.534
-1 190.42 17.082
0 190.44 11.51
-1 190.46 17.069
-1 190.48 17.076
-1 190.5 17.1
-1 190.52 15.564
-1 190.54 17.115
-1 190.56 17.139
-1 190.58 17.147
-1 190.6 15.597
-1 190.62 15.605
-1 190.64 15.614
-1 190.66 15.622
-1 190.68 17.19
-1 190.7 17.199
-1 190.72 15.647
-1 190.74 17.214
-1 190.76 17.223
-1 191.78 17.231
-1 191.8 17.239
-1 191.82 17.247
-1 191.84 17.255
-1 191.86 15.705
-1 191.88 17.27
-1 191.9 17.278
-1 191.92 17.287
-1 191.94 17.295
-1 191.96 17.32
-1 191.98 15.755
-1 192.0 15.763
-1 192.02 15.772
-1 192.04 15.78
-1 192.06 15.789
-1 192.08 15.797
0 192.1 11.51
-1 192.12 15.795
-1 192.14 17.372
-1 192.16 15.812
-1 192.18 15.821
-1 192.2 15.829
-1 192.22 17.421
-1 192.24 15.846
-1 192.26 15.855
-1 192.28 15.863
-1 192.3 15.872
-1 192.32 15.88
-1 193.34 15.889
-1 193.36 15.897
-1 193.38 15.906
-1 193.4 15.914
-1 193.42 15.923
-1 193.44 15.931
-1 193.46 17.531
-1 193.48 15.949
-1 193.5 15.957
-1 193.52 15.966
-1 193.54 15.974
-1 193.56 15.983
-1 193.58 15.992
-1 193.6 17.526
0 193.62 11.51
-1 193.64 17.542
-1 193.66 17.568
-1 193.68 17.594
-1 193.7 17.603
-1 193.72 17.629
-1 194.74 16.042
-1 194.76 16.051
-1 194.78 17.655
-1 194.8 16.069
-1 194.82 16.077
-1 194.84 16.086
-1 194.86 16.095
-1 194.88 17.706
-1 194.9 16.112
-1 194.92 16.121
-1 194.94 16.13
-1 194.96 16.139
-1 194.98 17.75
0 195.0 11.51
-1 195.02 17.733
-1 195.04 17.759
-1 195.06 16.164
-1 195.08 16.173
0 195.1 3.93
-1 195.12 17.662
-1 196.14 17.687
-1 196.16 17.711
-1 196.18 17.736
-1 196.2 17.737
-1 196.22 17.762
-1 196.24 17.77
-1 196.26 17.796
-1 196.28 17.807
-1 196.3 17.833
-1 196.32 17.859
-1 196.34 16.282
0 196.36 11.51
-1 196.38 17.866
-1 196.4 17.875
0 196.42 11.51
-1 196.44 17.839
-1 196.46 17.91
-1 197.48 17.92
-1 197.5 17.93
-1 197.52 17.939
-1 197.54 17.966
-1 197.56 17.976
-1 197.58 17.985
0 197.6 1.0
-1 197.62 17.828
-1 197.64 17.853
-1 197.66 17.879
-1 197.68 17.904
-1 197.7 17.912
-1 197.72 17.92
-1 197.74 17.946
-1 198.76 17.955
-1 198.78 17.963
-1 198.8 17.971
-1 198.82 11.462
-1 198.84 17.99
-1 198.86 17.998
-1 198.88 17.999
-1 198.9 18.027
-1 198.92 18.036
-1 198.94 18.044
0 198.96 11.51
-1 198.98 17.986
0 199.0 11.51
-1 199.02 17.963
-1 200.04 17.987
-1 200.06 18.013
-1 200.08 18.038
-1 200.1 18.063
-1 200.12 18.139
-1 200.14 18.165
-1 200.16 18.174
-1 200.18 5.529
-1 200.2 18.211
0 200.22 11.51
-1 200.24 18.17
-1 201.26 18.197
-1 201.28 18.224
-1 201.3 18.251
-1 201.32 18.279
-1 201.34 18.306
-1 201.36 16.654
-1 201.38 16.664
0 201.4 11.51
-1 201.42 18.302
-1 201.44 18.336
0 201.46 11.51
-1 201.48 18.305
-1 201.5 18.331
-1 201.52 18.358
-1 201.54 16.7
-1 201.56 16.71
-1 202.58 16.72
-1 202.6 16.729
-1 202.62 18.393
-1 202.64 16.748
-1 202.66 16.758
-1 202.68 16.767
-1 202.7 18.444
-1 202.72 18.454
-1 202.74 18.463
-1 202.76 16.806
-1 202.78 16.816
-1 203.8 18.489
-1 203.82 18.516
-1 203.84 16.845
-1 203.86 16.854
-1 203.88 16.864
-1 203.9 18.551
-1 203.92 16.884
-1 203.94 16.893
-1 203.96 16.903
-1 203.98 16.913
-1 204.0 18.595
-1 204.02 16.932
-1 204.04 16.942
-1 204.06 16.952
-1 204.08 16.962
-1 204.1 16.972
-1 204.12 16.982
-1 204.14 16.991
-1 204.16 17.001
-1 204.18 17.011
-1 204.2 17.021
-1 204.22 17.031
-1 204.24 18.745
0 204.26 11.51
-1 204.28 18.696
-1 204.3 18.706
-1 204.32 18.716
-1 204.34 18.682
-1 204.36 18.681
-1 204.38 18.761
-1 204.4 18.771
-1 205.42 18.782
-1 205.44 17.121
-1 205.46 17.131
-1 205.48 18.846
-1 205.5 18.857
-1 205.52 18.867
-1 205.54 18.878
-1 205.56 18.888
-1 205.58 18.898
-1 205.6 18.908
-1 205.62 17.211
-1 205.64 17.221
-1 205.66 17.232
-1 205.68 17.242
-1 205.7 18.95
-1 205.72 18.961
-1 205.74 18.973
-1 205.76 18.985
-1 205.78 18.996
-1 205.8 19.007
-1 205.82 19.019
-1 205.84 17.323
-1 205.86 18.982
-1 205.88 17.344
-1 205.9 17.354
-1 205.92 19.098
-1 205.94 19.11
-1 205.96 19.121
-1 205.98 17.396
-1 206.0 17.406
-1 206.02 17.416
-1 206.04 17.427
-1 206.06 17.437
-1 206.08 17.448
-1 206.1 17.458
-1 206.12 17.468
-1 206.14 19.215
-1 206.16 19.226
-1 206.18 19.238
-1 206.2 17.51
-1 206.22 17.521
-1 206.24 17.531
-1 206.26 17.542
-1 206.28 17.552
-1 206.3 19.254
-1 206.32 17.573
-1 206.34 17.584
-1 206.36 17.595
-1 207.38 17.605
-1 207.4 17.616
-1 207.42 17.626
-1 207.44 17.637
-1 207.46 17.648
-1 207.48 17.658
-1 207.5 17.669
-1 207.52 17.68
-1 207.54 19.453
-1 207.56 17.701
-1 207.58 17.712
-1 207.6 17.723
-1 207.62 17.733
-1 207.64 19.441
-1 207.66 17.755
-1 207.68 17.766
-1 207.7 17.777
-1 207.72 17.787
-1 207.74 17.798
-1 207.76 19.505
-1 207.78 17.82
-1 207.8 17.831
-1 207.82 17.842
-1 207.84 19.547
-1 207.86 17.864
-1 207.88 17.874
-1 207.9 17.885
-1 207.92 19.674
-1 207.94 17.907
-1 207.96 17.918
-1 207.98 19.687
-1 208.0 17.94
-1 208.02 19.746
-1 208.04 17.962
-1 208.06 17.973
0 208.08 11.51
-1 208.1 19.738
-1 208.12 19.771
-1 208.14 17.996
-1 208.16 18.008
-1 208.18 18.019
-1 208.2 18.03
-1 208.22 18.041
-1 208.24 18.052
-1 208.26 19.858
-1 209.28 18.074
-1 209.3 18.086
-1 209.32 18.097
-1 209.34 18.108
-1 209.36 18.119
-1 209.38 18.131
-1 209.4 19.877
-1 209.42 19.921
-1 209.44 19.935
-1 209.46 19.968
-1 209.48 20.001
-1 209.5 18.198
-1 209.52 20.007
-1 209.54 20.021
-1 209.56 20.035
-1 209.58 20.048
-1 210.6 20.062
-1 210.62 20.076
-1 210.64 18.278
-1 210.66 18.29
-1 210.68 18.301
-1 210.7 18.313
-1 210.72 20.137
-1 210.74 20.151
-1 210.76 20.165
-1 210.78 20.179
-1 210.8 20.193
-1 210.82 20.207
-1 210.84 20.221
-1 210.86 18.405
0 210.88 11.51
-1 210.9 20.179
-1 211.92 20.212
-1 211.94 20.226
-1 211.96 20.239
-1 211.98 20.252
-1 212.0 20.285
-1 212.02 20.319
-1 212.04 18.488
-1 212.06 18.5
-1 212.08 18.512
-1 212.1 18.523
-1 212.12 18.535
-1 212.14 18.547
0 212.16 11.51
-1 212.18 20.308
-1 213.2 20.321
-1 213.22 20.354
-1 213.24 20.388
-1 213.26 20.421
-1 213.28 20.455
-1 213.3 18.62
-1 213.32 20.481
-1 213.34 18.644
-1 213.36 18.655
-1 213.38 18.667
-1 213.4 18.679
-1 213.42 18.691
-1 213.44 18.703
-1 213.46 20.564
0 213.48 11.51
-1 213.5 20.554
-1 213.52 20.588
-1 213.54 18.741
-1 213.56 20.612
-1 214.58 18.766
-1 214.6 18.778
-1 214.62 20.668
-1 214.64 18.802
-1 214.66 20.693
-1 214.68 18.826
-1 214.7 18.839
-1 214.72 18.851
-1 214.74 18.863
-1 214.76 18.875
-1 214.78 20.766
-1 214.8 18.9
0 214.82 11.51
-1 214.84 20.739
-1 215.86 20.753
-1 215.88 20.785
-1 215.9 20.817
-1 215.92 18.951
-1 215.94 20.84
-1 215.96 20.872
-1 215.98 18.988
-1 216.0 20.897
-1 216.02 19.013
-1 216.04 20.922
-1 216.06 19.038
-1 216.08 19.051
-1 216.1 19.063
-1 216.12 19.076
-1 216.14 19.088
0 216.16 11.51
0 216.18 19.01
-1 216.2 19.066
-1 217.22 19.078
-1 217.24 19.091
-1 217.26 19.103
-1 217.28 21.012
-1 217.3 19.129
-1 217.32 19.141
-1 217.34 21.068
-1 217.36 19.167
-1 217.38 19.179
-1 217.4 19.192
-1 217.42 21.116
-1 217.44 21.129
-1 217.46 21.143
0 217.48 11.51
-1 217.5 21.061
-1 218.52 21.093
-1 218.54 21.105
-1 218.56 21.117
-1 218.58 21.129
-1 218.6 21.141
-1 218.62 21.153
-1 218.64 21.165
-1 218.66 21.197
-1 218.68 21.229
-1 218.7 21.261
-1 218.72 19.374
-1 218.74 21.306
0 218.76 11.51
-1 218.78 21.191
-1 218.8 21.202
0 218.82 19.01
-1 218.84 21.2
-1 219.86 21.211
-1 219.88 21.242
-1 219.9 21.35
-1 219.92 21.363
-1 219.94 21.376
-1 219.96 21.389
-1 219.98 21.402
-1 220.0 21.414
-1 220.02 21.43
-1 220.04 14.305
-1 220.06 21.465
-1 220.08 21.497
-1 220.1 19.562
-1 221.12 19.575
-1 221.14 19.589
-1 221.16 19.602
-1 221.18 19.615
-1 221.2 19.629
-1 221.22 19.642
-1 221.24 19.655
-1 221.26 21.624
-1 221.28 21.638
-1 221.3 21.651
-1 221.32 19.709
-1 221.34 21.676
-1 221.36 19.736
-1 221.38 21.722
0 221.4 11.51
-1 221.42 21.675
-1 222.44 21.709
-1 222.46 21.742
-1 222.48 21.755
-1 222.5 19.807
-1 222.52 19.821
-1 222.54 19.835
-1 222.56 19.848
-1 222.58 19.862
-1 222.6 19.876
-1 222.62 19.889
-1 222.64 21.873
-1 222.66 21.907
-1 222.68 21.921
-1 223.7 21.868
-1 223.72 19.958
-1 223.74 19.972
-1 223.76 19.986
-1 223.78 20.0
0 223.8 1.4
-1 223.82 21.815
-1 223.84 21.931
-1 223.86 21.945
-1 223.88 21.958
-1 223.9 21.971
-1 223.92 21.984
-1 223.94 22.019
-1 224.96 22.032
-1 224.98 22.045
-1 225.0 22.079
-1 225.02 22.093
-1 225.04 20.179
0 225.06 1.0
-1 225.08 21.902
-1 225.1 21.934
-1 225.12 21.966
-1 225.14 21.999
-1 225.16 22.032
-1 225.18 22.151
-1 225.2 22.187
-1 225.22 22.222
0 225.24 11.51
-1 225.26 22.199
-1 225.28 22.235
0 225.3 4.46
0 225.32 4.04
0 225.34 19.01
-1 225.36 21.884
-1 226.38 21.915
-1 226.4 21.946
-1 226.42 21.978
-1 226.44 21.988
-1 226.46 21.998
-1 226.48 22.008
-1 226.5 22.127
-1 226.52 22.14
-1 226.54 22.152
-1 226.56 20.468
-1 226.58 6.827
-1 226.6 22.156
-1 226.62 22.168
-1 226.64 22.18
-1 227.66 22.192
-1 227.68 22.203
-1 227.7 22.215
-1 227.72 22.176
-1 227.74 22.181
-1 227.76 22.191
-1 227.78 22.314
-1 227.8 19.322
-1 227.82 18.971
-1 227.84 22.367
-1 227.86 22.381
-1 227.88 22.394
-1 227.9 22.407
0 227.92 11.51
-1 227.94 22.306
-1 227.96 22.317
0 227.98 19.01
-1 228.0 22.3
-1 229.02 22.31
-1 229.04 22.32
-1 229.06 22.413
-1 229.08 22.424
-1 229.1 22.435
-1 229.12 22.467
-1 229.14 22.501
-1 229.16 22.534
-1 229.18 22.664
-1 229.2 20.88
-1 229.22 22.488
-1 229.24 22.657
-1 230.26 22.685
-1 230.28 22.695
-1 230.3 22.704
-1 230.32 22.715
-1 230.34 22.75
-1 230.36 22.762
-1 230.38 22.796
-1 230.4 22.809
-1 230.42 22.883
-1 230.44 21.064
-1 230.46 21.08
-1 230.48 22.925
-1 230.5 22.941
-1 230.52 22.978
-1 231.54 23.014
-1 231.56 23.051
-1 231.58 23.087
-1 231.6 23.124
-1 231.62 23.16
-1 231.64 23.196
-1 231.66 21.236
-1 231.68 23.125
-1 231.7 23.199
-1 231.72 23.218
-1 231.74 23.254
-1 231.76 23.295
-1 231.78 23.333
-1 232.8 23.373
-1 232.82 21.363
-1 232.84 21.379
-1 232.86 21.395
-1 232.88 21.411
-1 232.9 21.427
-1 232.92 21.444
-1 232.94 23.596
-1 232.96 23.615
-1 232.98 23.634
-1 233.0 23.612
-1 233.02 23.63
-1 233.04 23.629
0 233.06 11.51
-1 233.08 23.57
-1 233.1 23.589
0 233.12 4.04
0 233.14 19.01
-1 233.16 23.368
-1 234.18 23.384
-1 234.2 23.398
-1 234.22 23.412
-1 234.24 23.425
-1 234.26 23.562
-1 234.28 23.578
-1 234.3 23.593
-1 234.32 23.811
-1 234.34 21.708
-1 234.36 21.724
-1 234.38 21.741
-1 234.4 21.757
-1 235.42 21.774
-1 235.44 21.791
-1 235.46 21.807
-1 235.48 21.824
-1 235.5 21.841
-1 235.52 21.858
-1 235.54 23.7
-1 235.56 24.059
-1 235.58 24.098
-1 235.6 21.925
-1 235.62 21.942
-1 235.64 21.959
-1 235.66 21.976
-1 235.68 21.993
-1 236.7 22.01
-1 236.72 22.027
-1 236.74 24.19
-1 236.76 22.061
-1 236.78 24.28
-1 236.8 24.302
-1 236.82 22.112
-1 236.84 22.129
-1 236.86 22.147
-1 236.88 24.377
-1 236.9 22.181
-1 236.92 24.397
-1 236.94 22.216
-1 236.96 22.233
-1 236.98 22.25
-1 237.0 22.268
-1 237.02 22.285
-1 237.04 22.303
0 237.06 3.9
0 238.08 19.02
-1 238.1 24.328
-1 238.12 24.35
-1 238.14 24.371
-1 238.16 24.393
-1 238.18 24.414
0 238.2 19.03
0 238.22 19.04
-1 238.24 24.378
-1 238.26 24.398
-1 238.28 24.418
-1 238.3 24.438
-1 238.32 24.458
-1 238.34 24.478
0 238.36 19.01
0 238.38 19.02
0 238.4 19.03
-1 238.42 24.37
-1 238.44 24.385
-1 238.46 24.422
0 238.48 19.02
-1 238.5 24.416
-1 238.52 24.432
-1 238.54 24.449
-1 238.56 24.465
0 238.58 11.51
0 238.6 19.01
0 238.62 19.03
-1 238.64 24.258
-1 238.66 24.27
-1 238.68 24.304
-1 238.7 24.318
-1 238.72 24.33
0 239.74 19.13
0 239.76 19.16
0 239.78 19.19
0 239.8 19.06
0 239.82 19.22
0 239.84 19.09
0 239.86 19.1
0 239.88 19.12
0 239.9 19.14
0 239.92 19.15
0 239.94 19.17
0 239.96 19.19
0 239.98 19.2
0 240.0 19.07
0 240.02 19.08
0 240.04 19.09
0 240.06 19.11
0 240.08 19.14
0 240.1 19.16
0 240.12 19.05
0 240.14 19.18
0 240.16 19.07
0 240.18 19.11
0 240.2 19.15
0 240.22 19.2
0 240.24 19.06
0 240.26 19.1
0 240.28 19.12
0 240.3 19.14
0 240.32 19.15
0 240.34 19.16
0 240.36 19.05
0 240.38 19.06
0 240.4 19.07
0 240.42 3.05
0 241.44 19.25
0 241.46 19.26
0 241.48 19.28
0 241.5 19.3
0 241.52 19.24
0 241.54 19.25
0 241.56 19.21
0 241.58 19.22
0 241.6 19.23
0 241.62 19.26
0 241.64 19.27
0 241.66 19.28
0 241.68 19.29
0 241.7 19.3
0 241.72 19.31
0 241.74 19.25
0 241.76 19.21
0 241.78 19.23
0 241.8 19.27
0 241.82 19.29
0 241.84 19.31
0 241.86 19.24
0 241.88 19.26
0 241.9 19.29
0 241.92 19.3
0 241.94 2.86
0 242.96 19.34
0 242.98 19.37
0 243.0 19.41
0 243.02 19.32
0 243.04 19.49
0 243.06 19.47
0 243.08 19.45
0 243.1 19.35
0 243.12 19.37
0 243.14 19.38
0 243.16 19.39
0 243.18 19.38
0 243.2 19.41
0 243.22 19.42
0 243.24 19.43
0 243.26 19.32
0 243.28 19.46
0 243.3 19.33
0 243.32 19.47
0 243.34 19.45
0 243.36 19.34
0 243.38 19.36
0 243.4 19.38
0 243.42 19.4
0 243.44 19.42
0 243.46 19.44
0 243.48 19.48
0 243.5 19.36
0 243.52 19.41
0 243.54 19.32
0 243.56 19.46
0 243.58 19.41
0 243.6 19.45
0 243.62 19.42
0 243.64 3.92
0 244.66 19.58
0 244.68 19.6
0 244.7 19.51
0 244.72 19.53
0 244.74 19.55
0 244.76 19.58
0 244.78 19.59
-1 244.8 19.408
-1 244.82 19.425
-1 244.84 19.442
0 244.86 19.51
-1 244.88 19.425
0 244.9 19.53
0 244.92 19.54
0 244.94 19.56
-1 244.96 19.338
-1 244.98 19.355
-1 245.0 19.373
-1 245.02 19.39
-1 245.04 19.407
-1 245.06 19.424
-1 245.08 19.441
0 245.1 19.52
0 245.12 19.55
0 245.14 19.55
-1 245.16 19.354
0 245.18 19.58
-1 245.2 19.336
-1 245.22 19.353
-1 245.24 19.371
0 245.26 19.5
0 245.28 11.51
0 245.3 19.52
0 245.32 19.53
0 245.34 19.54
0 245.36 18.65
0 246.38 19.67
0 246.4 19.71
0 246.42 19.74
-1 246.44 19.092
-1 246.46 19.109
-1 246.48 19.127
-1 246.5 19.144
-1 246.52 19.161
0 246.54 19.72
0 246.56 19.6
-1 246.58 19.106
0 246.6 19.62
-1 246.62 19.087
-1 246.64 19.105
0 246.66 19.65
-1 246.68 19.086
-1 246.7 18.42
-1 246.72 19.121
-1 246.74 19.138
-1 246.76 19.156
-1 246.78 19.173
-1 246.8 19.191
0 246.82 19.69
-1 246.84 19.172
-1 246.86 19.19
-1 246.88 16.962
-1 246.9 19.225
-1 246.92 19.243
-1 246.94 19.261
-1 246.96 19.278
0 246.98 19.6
-1 247.0 19.26
-1 247.02 19.278
0 247.04 3.07
0 248.06 19.83
0 248.08 19.84
0 248.1 19.78
0 248.12 19.87
0 248.14 19.89
0 248.16 19.8
0 248.18 19.8
0 248.2 19.81
0 248.22 19.82
-1 248.24 18.966
0 248.26 19.84
-1 248.28 18.946
0 248.3 19.75
0 248.32 19.76
-1 248.34 18.888
0 248.36 19.85
-1 248.38 18.867
-1 248.4 18.885
0 248.42 19.88
0 248.44 19.78
-1 248.46 19.0
0 248.48 19.9
-1 248.5 18.805
-1 248.52 18.823
-1 248.54 18.841
-1 248.56 18.859
-1 248.58 18.877
-1 248.6 18.895
-1 248.62 18.913
-1 248.64 18.931
-1 248.66 18.949
0 248.68 19.82
-1 248.7 18.928
-1 248.72 18.946
0 248.74 19.8
-1 248.76 18.926
-1 248.78 18.944
0 248.8 19.73
-1 248.82 18.923
-1 248.84 18.942
-1 248.86 18.96
0 248.88 19.87
-1 248.9 19.602
0 248.92 11.51
0 248.94 19.75
0 248.96 19.79
-1 249.98 18.864
0 250.0 19.95
-1 250.02 18.842
-1 250.04 18.861
-1 250.06 18.879
-1 250.08 18.897
-1 250.1 18.916
-1 250.12 18.934
0 250.14 19.95
-1 250.16 18.913
0 250.18 19.97
-1 250.2 18.891
-1 250.22 18.91
0 250.24 19.91
-1 250.26 18.888
-1 250.28 18.907
-1 250.3 18.925
-1 250.32 18.944
-1 250.34 18.963
0 250.36 19.96
-1 250.38 18.941
-1 250.4 18.96
-1 250.42 18.979
-1 250.44 18.997
-1 250.46 19.016
-1 250.48 19.035
-1 250.5 19.054
-1 250.52 19.073
-1 250.54 19.092
-1 250.56 19.111
0 250.58 19.96
0 250.6 19.9
0 250.62 19.98
-1 250.64 19.008
0 250.66 11.51
0 250.68 19.99
0 250.7 20.01
0 250.72 20.02
-1 250.74 18.887
0 251.76 20.05
-1 251.78 18.865
-1 251.8 18.884
-1 251.82 18.903
0 251.84 20.09
-1 251.86 18.88
-1 251.88 18.899
-1 251.9 18.919
0 251.92 20.07
-1 251.94 18.896
0 251.96 20.17
-1 251.98 18.873
0 252.0 20.1
-1 252.02 18.85
-1 252.04 18.869
-1 252.06 18.888
-1 252.08 18.908
-1 252.1 18.927
-1 252.12 18.946
-1 252.14 18.966
-1 252.16 18.985
-1 252.18 19.005
-1 252.2 19.025
-1 252.22 19.044
-1 252.24 19.064
-1 252.26 19.084
-1 252.28 19.104
-1 252.3 19.123
-1 252.32 19.143
-1 252.34 19.163
0 252.36 20.09
-1 252.38 19.14
0 252.4 20.12
0 253.42 20.26
0 253.44 20.29
0 253.46 20.2
-1 253.48 18.986
0 253.5 20.24
-1 253.52 18.963
-1 253.54 18.982
-1 253.56 19.002
-1 253.58 19.022
0 253.6 20.3
-1 253.62 18.998
-1 253.64 19.018
-1 253.66 19.038
0 253.68 20.22
-1 253.7 19.015
0 253.72 20.24
0 253.74 20.25
-1 253.76 18.946
-1 253.78 18.966
-1 253.8 18.986
-1 253.82 19.007
-1 253.84 19.027
-1 253.86 19.047
-1 253.88 19.068
-1 253.9 19.088
-1 253.92 19.109
0 253.94 20.23
0 253.96 20.26
-1 253.98 19.04
-1 254.0 19.677
0 254.02 20.17
-1 254.04 19.036
-1 254.06 19.056
-1 254.08 19.077
-1 254.1 19.098
-1 255.12 19.118
-1 255.14 19.139
-1 255.16 19.16
-1 255.18 19.181
0 255.2 20.35
0 255.22 20.41
0 255.24 20.44
-1 255.26 19.064
-1 255.28 18.618
-1 255.3 19.106
-1 255.32 19.127
-1 255.34 19.148
-1 255.36 19.169
-1 255.38 19.19
-1 255.4 19.211
0 255.42 20.41
-1 255.44 19.186
-1 255.46 19.207
-1 255.48 19.228
0 255.5 20.38
0 255.52 20.32
-1 255.54 19.157
-1 255.56 19.178
-1 255.58 19.199
-1 255.6 19.221
-1 255.62 19.242
-1 255.64 19.264
0 255.66 20.36
-1 255.68 19.238
-1 255.7 19.26
0 255.72 11.51
0 255.74 20.32
-1 255.76 19.218
-1 255.78 19.239
0 255.8 20.37
-1 255.82 19.214
-1 255.84 19.235
0 255.86 11.52
0 255.88 18.65
0 256.9 20.47
-1 256.92 19.15
0 256.94 20.5
-1 256.96 19.124
-1 256.98 19.146
-1 257.0 19.168
0 257.02 20.48
-1 257.04 19.141
-1 257.06 19.163
-1 257.08 19.185
0 257.1 20.51
-1 257.12 19.158
-1 257.14 19.18
-1 257.16 19.202
-1 257.18 19.225
-1 257.2 19.247
0 257.22 20.48
-1 257.24 19.22
-1 257.26 19.242
-1 257.28 19.265
-1 257.3 19.287
-1 257.32 19.309
-1 257.34 19.332
0 257.36 20.45
0 257.38 20.51
-1 258.4 19.256
0 258.42 20.53
-1 258.44 19.229
-1 258.46 19.252
0 258.48 19.03
-1 258.5 19.23
-1 258.52 19.252
0 258.54 20.54
-1 258.56 19.225
-1 258.58 19.248
-1 258.6 19.271
-1 258.62 19.293
0 258.64 20.53
-1 258.66 19.266
-1 258.68 19.289
0 258.7 19.02
-1 258.72 19.267
-1 258.74 19.29
-1 258.76 19.313
-1 258.78 19.336
0 258.8 11.51
0 258.82 20.51
0 258.84 20.54
-1 258.86 19.24
0 258.88 19.01
0 259.9 19.06
-1 259.92 19.172
0 259.94 19.04
0 259.96 19.06
0 259.98 19.04
-1 260.0 19.058
0 260.02 19.07
-1 260.04 19.035
0 260.06 19.03
-1 260.08 19.011
-1 260.1 19.035
0 260.12 19.04
0 260.14 19.02
-1 260.16 18.965
0 260.18 19.04
-1 260.2 18.942
-1 260.22 18.965
0 260.24 11.52
-1 260.26 18.969
0 260.28 19.03
-1 260.3 18.945
-1 260.32 18.969
0 260.34 19.05
-1 260.36 18.945
0 260.38 11.51
0 260.4 19.03
0 260.42 3.05
0 261.44 19.08
0 261.46 19.1
0 261.48 19.13
0 261.5 19.15
0 261.52 19.17
0 261.54 19.08
-1 261.56 18.626
0 261.58 19.11
-1 261.6 18.601
-1 261.62 18.624
-1 261.64 6.216
-1 261.66 18.671
0 261.68 19.17
-1 261.7 18.646
0 261.72 19.1
-1 261.74 18.62
-1 261.76 18.644
-1 261.78 18.668
-1 261.8 18.691
0 261.82 19.09
-1 261.84 18.666
-1 261.86 19.031
0 261.88 19.15
-1 261.9 18.664
-1 261.92 18.0
0 261.94 19.14
0 261.96 19.07
0 261.98 19.08
-1 262.0 18.354
-1 262.02 18.587
-1 262.04 18.611
0 262.06 19.17
0 263.08 19.19
-1 263.1 18.534
-1 263.12 18.558
-1 263.14 18.583
0 263.16 19.28
0 263.18 19.19
-1 263.2 18.505
-1 263.22 18.529
0 263.24 19.23
-1 263.26 18.502
0 263.28 19.26
-1 263.3 18.805
-1 263.32 18.499
-1 263.34 18.835
0 263.36 19.26
-1 263.38 18.496
0 263.4 19.19
-1 263.42 19.142
-1 263.44 18.493
0 263.46 19.23
-1 263.48 18.466
-1 263.5 18.49
-1 263.52 18.449
0 263.54 19.22
0 263.56 19.23
-1 263.58 18.435
-1 264.6 18.46
-1 264.62 18.485
-1 264.64 18.509
-1 264.66 18.534
0 264.68 19.32
-1 264.7 18.506
-1 264.72 18.531
0 264.74 19.35
0 264.76 19.36
-1 264.78 18.449
-1 264.8 18.474
-1 264.82 18.499
0 264.84 19.37
0 264.86 19.32
-1 264.88 18.417
-1 264.9 18.442
-1 264.92 18.467
-1 264.94 18.492
0 264.96 19.31
-1 264.98 18.464
0 265.0 19.33
-1 265.02 18.435
-1 265.04 18.46
0 265.06 19.36
-1 265.08 18.431
-1 265.1 18.456
-1 265.12 18.482
-1 265.14 18.507
-1 265.16 18.533
-1 265.18 18.559
-1 265.2 18.585
-1 265.22 18.61
-1 265.24 18.636
-1 266.26 18.662
-1 266.28 18.689
-1 266.3 18.715
-1 266.32 18.741
-1 266.34 18.767
-1 266.36 18.794
-1 266.38 18.82
0 266.4 19.38
-1 266.42 18.791
-1 266.44 18.818
-1 266.46 18.844
-1 266.48 18.871
-1 266.5 18.898
-1 266.52 18.925
0 266.54 19.42
-1 266.56 18.896
0 266.58 19.44
0 266.6 19.46
0 266.62 19.41
0 266.64 19.38
-1 266.66 18.697
0 266.68 19.4
0 266.7 19.42
-1 266.72 18.609
-1 266.74 18.636
-1 266.76 18.663
0 266.78 19.38
-1 266.8 18.633
0 266.82 19.42
-1 266.84 18.603
-1 266.86 18.63
-1 267.88 18.657
-1 267.9 18.684
0 267.92 19.56
0 267.94 19.47
-1 267.96 18.595
-1 267.98 18.622
-1 268.0 18.649
-1 268.02 18.677
0 268.04 19.55
0 268.06 19.56
-1 268.08 18.586
-1 268.1 18.614
-1 268.12 18.641
-1 268.14 18.669
-1 268.16 18.697
-1 268.18 18.725
-1 268.2 18.753
-1 268.22 18.781
-1 268.24 18.809
-1 268.26 18.837
-1 268.28 18.866
-1 268.3 18.894
-1 268.32 18.922
0 268.34 19.47
-1 268.36 18.891
-1 268.38 18.92
-1 268.4 18.949
-1 268.42 18.977
-1 268.44 19.006
0 269.46 19.61
0 269.48 19.64
0 269.5 19.58
-1 269.52 18.853
0 269.54 19.69
-1 269.56 18.82
0 269.58 19.63
-1 269.6 18.787
-1 269.62 18.816
0 269.64 19.6
-1 269.66 18.783
0 269.68 19.67
-1 269.7 18.75
0 269.72 19.7
-1 269.74 18.716
-1 269.76 18.745
-1 269.78 18.775
0 269.8 19.68
-1 269.82 18.741
-1 269.84 18.77
0 269.86 19.56
-1 269.88 18.737
0 269.9 19.59
-1 269.92 18.704
-1 269.94 18.733
0 269.96 19.68
-1 269.98 18.699
-1 270.0 18.729
0 270.02 19.62
-1 270.04 18.694
-1 270.06 18.724
-1 270.08 18.754
-1 270.1 18.784
0 270.12 19.66
-1 270.14 18.75
-1 270.16 18.78
-1 271.18 18.81
0 271.2 19.74
-1 271.22 18.775
0 271.24 19.75
-1 271.26 18.74
-1 271.28 18.771
-1 271.3 18.801
-1 271.32 18.832
-1 271.34 18.863
-1 271.36 18.894
-1 271.38 18.925
0 271.4 19.76
0 271.42 19.77
-1 271.44 18.823
0 271.46 19.73
0 271.48 19.71
-1 271.5 18.72
-1 271.52 18.751
-1 271.54 18.783
-1 271.56 18.814
-1 271.58 18.845
-1 271.6 18.877
-1 271.62 18.908
0 271.64 19.72
-1 271.66 18.872
0 271.68 19.74
0 271.7 19.76
-1 272.72 18.768
-1 272.74 18.8
0 272.76 19.82
-1 272.78 18.763
-1 272.8 18.795
-1 272.82 18.826
-1 272.84 18.859
-1 272.86 18.891
0 272.88 19.82
-1 272.9 18.854
-1 272.92 18.886
0 272.94 19.84
-1 272.96 18.849
0 272.98 19.86
-1 273.0 18.811
0 273.02 0.05
0 273.04 19.77
-1 273.06 18.805
0 273.08 19.79
-1 273.1 18.768
-1 273.12 18.8
-1 273.14 18.833
0 273.16 19.85
-1 273.18 18.795
-1 273.2 18.828
-1 273.22 18.861
-1 273.24 18.894
-1 273.26 18.928
-1 273.28 18.961
-1 273.3 18.995
-1 273.32 19.029
-1 273.34 19.062
-1 274.36 19.096
0 274.38 19.9
-1 274.4 19.058
-1 274.42 19.092
-1 274.44 19.126
0 274.46 19.97
0 274.48 19.91
0 274.5 19.92
0 274.52 19.93
-1 274.54 18.866
-1 274.56 18.9
-1 274.58 18.935
0 274.6 19.98
-1 274.62 18.895
-1 274.64 18.929
0 274.66 19.9
-1 274.68 18.889
-1 274.7 18.924
0 274.72 19.94
0 274.74 19.95
-1 274.76 18.808
-1 274.78 18.842
-1 274.8 18.877
-1 274.82 18.912
0 274.84 19.89
-1 274.86 18.872
0 274.88 19.92
-1 274.9 18.83
-1 274.92 18.866
-1 274.94 18.901
0 274.96 2.82
0 275.98 20.13
0 276.0 20.02
0 276.02 20.05
-1 276.04 18.722
-1 276.06 18.757
0 276.08 20.01
-1 276.1 18.714
-1 276.12 18.75
-1 276.14 18.786
0 276.16 20.04
-1 276.18 18.743
-1 276.2 18.779
0 276.22 20.09
-1 276.24 18.735
-1 276.26 18.771
-1 276.28 18.808
-1 276.3 19.321
0 276.32 20.12
-1 276.34 18.8
0 276.36 20.02
-1 276.38 18.756
0 276.4 20.04
-1 276.42 18.711
-1 276.44 19.448
-1 276.46 18.785
0 276.48 20.09
-1 276.5 18.74
-1 276.52 18.778
-1 276.54 18.815
0 276.56 20.01
-1 276.58 18.77
-1 276.6 18.808
-1 276.62 18.846
-1 276.64 18.884
0 276.66 20.07
-1 276.68 18.838
-1 277.7 18.402
0 277.72 20.26
-1 277.74 18.83
-1 277.76 18.868
0 277.78 20.21
-1 277.8 18.821
-1 277.82 18.86
-1 277.84 18.898
0 277.86 20.24
-1 277.88 18.851
-1 277.9 18.89
-1 277.92 18.929
0 277.94 20.17
-1 277.96 18.882
0 277.98 20.2
-1 278.0 18.834
-1 278.02 18.874
-1 278.04 18.913
0 278.06 20.13
-1 278.08 18.866
-1 278.1 18.906
0 278.12 20.18
-1 278.14 18.858
0 278.16 20.2
-1 278.18 18.809
-1 278.2 18.849
-1 278.22 18.889
0 278.24 20.15
-1 278.26 18.841
-1 278.28 18.881
-1 278.3 18.922
-1 278.32 18.963
-1 278.34 19.004
0 278.36 2.31
0 279.38 20.27
-1 279.4 18.98
0 279.42 20.33
-1 279.44 18.93
0 279.46 20.27
-1 279.48 18.88
-1 279.5 18.921
0 279.52 20.32
-1 279.54 18.87
-1 279.56 18.912
-1 279.58 18.954
0 279.6 20.36
-1 279.62 18.902
0 279.64 20.27
-1 279.66 18.851
0 279.68 20.31
-1 279.7 18.798
-1 279.72 18.841
-1 279.74 18.883
-1 279.76 18.926
0 279.78 11.51
0 279.8 20.25
-1 279.82 18.838
0 279.84 20.29
-1 279.86 18.785
-1 279.88 18.828
0 279.9 20.35
-1 279.92 18.774
-1 280.94 18.818
-1 280.96 18.861
-1 280.98 18.905
-1 281.0 18.949
-1 281.02 18.993
0 281.04 19.03
-1 281.06 18.949
-1 281.08 18.993
0 281.1 19.08
-1 281.12 18.948
0 281.14 19.1
-1 281.16 18.902
-1 281.18 18.947
-1 281.2 18.992
0 281.22 19.02
-1 281.24 18.946
-1 281.26 18.992
0 281.28 19.05
0 281.3 19.07
-1 281.32 18.853
-1 281.34 18.898
-1 281.36 18.944
-1 281.38 18.991
0 281.4 19.03
-1 281.42 18.944
-1 281.44 18.99
0 281.46 19.09
0 281.48 19.1
-1 281.5 18.848
-1 282.52 18.895
0 282.54 19.17
-1 282.56 18.845
-1 282.58 18.893
0 282.6 19.17
-1 282.62 18.843
-1 282.64 18.89
-1 282.66 18.938
-1 282.68 18.986
0 282.7 19.14
0 282.72 19.15
-1 282.74 18.838
-1 282.76 18.887
-1 282.78 18.935
-1 282.8 18.984
-1 282.82 19.033
0 282.84 19.15
-1 282.86 18.982
0 282.88 19.17
-1 282.9 18.931
0 283.92 19.29
0 283.94 19.22
0 283.96 19.24
-1 283.98 18.675
-1 284.0 18.724
-1 284.02 18.774
-1 284.04 18.823
-1 284.06 18.873
-1 284.08 18.924
-1 284.1 18.974
-1 284.12 19.025
-1 284.14 19.076
0 284.16 19.26
-1 284.18 19.023
-1 284.2 19.075
-1 284.22 19.127
-1 284.24 19.179
0 284.26 19.22
-1 284.28 19.126
0 284.3 19.24
-1 284.32 19.072
0 284.34 19.27
0 284.36 19.28
-1 284.38 18.91
-1 284.4 18.963
-1 284.42 19.016
-1 284.44 19.069
0 285.46 19.3
-1 285.48 19.013
-1 285.5 19.067
-1 286.52 19.121
-1 286.54 19.175
0 286.56 19.31
0 286.58 19.32
0 286.6 19.33
0 286.62 19.35
-1 286.64 18.783
-1 286.66 18.838
0 286.68 11.51
0 286.7 19.33
0 286.72 19.34
-1 286.74 18.618
0 286.76 19.31
-1 286.78 18.557
-1 286.8 18.612
-1 286.82 18.667
-1 287.84 18.722
-1 287.86 18.778
0 287.88 19.43
-1 287.9 18.716
-1 287.92 18.772
0 287.94 19.39
-1 287.96 18.71
-1 287.98 18.766
-1 288.0 18.823
0 288.02 19.41
-1 288.04 18.76
-1 288.06 18.818
-1 288.08 18.876
0 288.1 19.46
-1 288.12 18.812
0 288.14 19.39
-1 288.16 18.748
-1 288.18 18.807
0 288.2 19.4
0 288.22 19.41
-1 288.24 18.617
0 288.26 19.43
-1 288.28 18.55
-1 288.3 18.61
0 288.32 19.38
-1 288.34 18.542
0 288.36 19.36
-1 288.38 18.475
-1 288.4 18.535
-1 288.42 18.595
-1 288.44 18.655
-1 289.46 18.716
-1 289.48 18.778
-1 289.5 18.839
-1 289.52 18.902
-1 289.54 18.964
-1 289.56 19.027
0 289.58 19.54
0 289.6 19.47
0 289.62 19.54
-1 289.64 18.692
0 289.66 19.5
-1 289.68 19.309
0 289.7 19.46
0 289.72 19.53
-1 289.74 18.411
-1 289.76 18.474
0 289.78 19.48
-1 289.8 18.4
-1 289.82 18.464
-1 289.84 18.528
-1 289.86 18.593
-1 290.88 18.658
-1 290.9 18.724
0 290.92 19.64
-1 290.94 18.648
-1 290.96 18.714
-1 290.98 18.781
-1 291.0 18.848
-1 291.02 18.916
0 291.04 19.6
0 291.06 19.64
-1 291.08 18.695
-1 291.1 18.763
0 291.12 19.62
-1 291.14 18.684
-1 291.16 18.753
0 291.18 19.55
-1 291.2 18.675
-1 291.22 18.744
-1 291.24 18.815
-1 291.26 18.885
0 291.28 19.64
0 291.3 19.6
-1 291.32 18.653
-1 291.34 18.724
0 291.36 19.56
-1 291.38 18.643
-1 291.4 18.715
-1 291.42 18.787
-1 291.44 18.86
-1 291.46 18.934
0 291.48 19.61
-1 291.5 18.851
0 292.52 19.75
-1 292.54 18.766
-1 292.56 18.841
0 292.58 19.68
-1 292.6 18.755
-1 292.62 18.831
0 292.64 19.74
-1 292.66 18.743
-1 292.68 18.819
-1 292.7 18.897
0 292.72 19.68
0 292.74 19.69
-1 292.76 18.642
-1 292.78 18.719
-1 292.8 18.798
-1 292.82 18.877
0 292.84 19.72
-1 292.86 18.786
-1 292.88 18.866
0 292.9 19.66
-1 292.92 18.775
-1 292.94 18.856
-1 292.96 18.937
-1 292.98 19.02
-1 293.0 19.103
-1 293.02 19.186
0 293.04 19.71
0 293.06 19.73
0 293.08 19.75
-1 293.1 18.736
-1 293.12 18.82
-1 293.14 18.905
-1 293.16 18.991
0 293.18 19.77
0 294.2 19.86
-1 294.22 18.707
-1 294.24 18.793
-1 294.26 18.88
0 294.28 19.84
-1 294.3 18.778
-1 294.32 18.866
-1 294.34 18.955
0 294.36 19.9
-1 294.38 18.852
-1 294.4 18.942
-1 294.42 19.033
-1 294.44 19.125
0 294.46 19.85
-1 294.48 19.021
0 294.5 19.87
-1 294.52 18.915
-1 294.54 19.008
0 294.56 19.9
0 294.58 19.78
-1 294.6 18.697
-1 294.62 18.791
-1 294.64 18.887
-1 294.66 18.983
-1 294.68 19.08
-1 294.7 19.179
0 294.72 19.87
-1 294.74 19.068
0 294.76 19.79
-1 294.78 18.956
0 294.8 19.82
-1 294.82 18.842
-1 295.84 18.942
-1 295.86 19.044
0 295.88 19.96
-1 295.9 18.926
-1 295.92 19.029
0 295.94 19.92
-1 295.96 18.909
-1 295.98 19.014
-1 296.0 19.121
0 296.02 19.95
-1 296.04 18.998
0 296.06 20.01
-1 296.08 18.873
-1 296.1 18.981
-1 296.12 19.091
0 296.14 19.92
-1 296.16 18.965
0 296.18 19.94
-1 296.2 18.835
-1 296.22 18.947
-1 296.24 19.061
-1 296.26 19.175
0 296.28 20.02
-1 296.3 19.043
-1 296.32 19.16
0 296.34 19.97
-1 296.36 19.026
0 296.38 19.92
-1 296.4 18.889
-1 296.42 19.009
-1 296.44 19.13
-1 296.46 19.253
0 296.48 20.03
0 297.5 20.11
-1 297.52 18.843
-1 297.54 18.967
0 297.56 20.04
-1 297.58 18.819
-1 297.6 18.945
-1 297.62 19.073
-1 297.64 19.203
0 297.66 20.1
-1 297.68 19.052
0 297.7 20.12
-1 297.72 18.897
0 297.74 20.14
-1 297.76 18.736
-1 297.78 18.87
-1 297.8 19.006
-1 297.82 19.143
0 297.84 20.08
-1 297.86 18.982
-1 297.88 19.123
-1 297.9 19.265
0 297.92 20.16
-1 297.94 19.099
0 297.96 20.05
-1 297.98 18.93
0 298.0 20.07
-1 298.02 18.756
-1 298.04 18.903
0 298.06 20.11
-1 298.08 18.723
-1 298.1 18.874
-1 298.12 19.028
-1 298.14 19.184
0 298.16 20.05
-1 299.18 19.002
-1 299.2 19.162
0 299.22 20.22
0 299.24 20.24
-1 299.26 18.611
-1 299.28 18.773
-1 299.3 18.937
-1 299.32 19.105
0 299.34 20.19
-1 299.36 18.904
-1 299.38 19.075
-1 299.4 19.25
0 299.42 20.23
-1 299.44 19.043
-1 299.46 19.223
0 299.48 20.17
-1 299.5 19.011
0 299.52 20.18
-1 299.54 18.79
-1 299.56 18.976
0 299.58 20.19
-1 299.6 18.747
-1 299.62 18.939
-1 299.64 19.134
0 299.66 20.23
-1 299.68 18.898
-1 299.7 19.099
0 299.72 20.17
-1 299.74 18.856
-1 299.76 19.064
0 299.78 20.28
-1 299.8 18.808
-1 299.82 19.022
-1 299.84 19.241
0 299.86 20.25
-1 299.88 18.979
0 299.9 20.27
-1 300.92 18.704
-1 300.94 18.932
0 300.96 19.09
-1 300.98 18.689
-1 301.0 18.926
0 301.02 19.12
-1 301.04 18.672
-1 301.06 18.918
0 301.08 19.07
-1 301.1 18.656
-1 301.12 18.912
0 301.14 19.1
-1 301.16 18.638
0 301.18 11.51
-1 301.2 18.677
-1 301.22 18.952
0 301.24 19.04
-1 301.26 18.661
-1 301.28 18.948
0 301.3 19.08
-1 301.32 18.641
-1 301.34 18.942
0 301.36 19.01
-1 301.38 18.622
0 301.4 19.05
-1 301.42 18.279
0 301.44 19.09
-1 302.46 17.909
-1 302.48 18.235
-1 302.5 18.573
0 302.52 19.21
-1 302.54 18.179
0 302.56 19.22
-1 302.58 17.753
-1 302.6 18.115
-1 302.62 18.493
-1 302.64 18.886
0 302.66 19.17
-1 302.68 18.447
-1 302.7 18.867
0 302.72 19.21
-1 302.74 18.393
-1 302.76 18.842
0 302.78 19.16
-1 302.8 18.334
-1 302.82 11.865
0 302.84 19.2
-1 302.86 18.262
-1 302.88 18.784
0 302.9 19.13
-1 302.92 18.183
-1 302.94 18.751
0 302.96 19.15
-1 302.98 18.086
-1 303.0 18.71
0 303.02 19.19
-1 304.04 17.964
-1 304.06 18.723
0 304.08 19.26
-1 304.1 17.802
-1 304.12 18.576
0 304.14 19.3
-1 304.16 17.588
0 304.18 19.31
-1 304.2 16.391
-1 304.22 17.301
-1 304.24 18.319
0 304.26 19.28
-1 304.28 16.905
-1 304.3 18.113
0 304.32 19.25
-1 304.34 16.319
-1 304.36 17.803
0 304.38 19.29
0 304.4 2.86
-1 305.42 16.173
0 305.44 11.51
-1 305.46 15.809
0 309.48 19.31
-1 309.5 9.232
0 309.52 11.51
-1 309.54 1.199
-1 309.56 2.399
