-2.2 -13 2.5e+19
-2.2 -12.5333 2.5e+19
-2.2 -12.0667 2.5e+19
-2.2 -11.6 2.5e+19
-2.2 -11.1333 2.5e+19
-2.2 -10.6667 2.5e+19
-2.2 -10.2 2.5e+19
-2.2 -9.73333 2.5e+19
-2.2 -9.26667 2.5e+19
-2.2 -8.8 2.5e+19
-2.2 -8.33333 2.25e+19
-2.2 -7.86667 2.25e+19
-2.2 -7.4 1.75e+19
-2.2 -6.93333 1.25e+19
-2.2 -6.46667 0.0299431
-2.2 -6 1.5e+19
-2.2 -5.53333 5e+18
-2.2 -5.06667 2.5e+18
-2.2 -4.6 2.5e+19
-2.2 -4.13333 0.0953073
-2.2 -3.66667 5e+18
-2.2 -3.2 3.57143e+18
-2.2 -2.73333 0.175342
-2.2 -2.26667 3.125e+18
-2.2 -1.8 8.33333e+18
-2.2 -1.33333 0.17448
-2.2 -0.866667 5e+18
-2.2 -0.4 0.213192
-2.2 0.0666667 0.232591
-2.2 0.533333 0.209394
-2.2 1 0.198057
-1.8 -13 2.5e+19
-1.8 -12.5333 2.5e+19
-1.8 -12.0667 2.5e+19
-1.8 -11.6 2.5e+19
-1.8 -11.1333 2.5e+19
-1.8 -10.6667 2.5e+19
-1.8 -10.2 2.5e+19
-1.8 -9.73333 2.5e+19
-1.8 -9.26667 2.5e+19
-1.8 -8.8 2.5e+19
-1.8 -8.33333 2.5e+19
-1.8 -7.86667 2e+19
-1.8 -7.4 1.5e+19
-1.8 -6.93333 1.25e+19
-1.8 -6.46667 1e+19
-1.8 -6 7.5e+18
-1.8 -5.53333 5e+18
-1.8 -5.06667 2.5e+18
-1.8 -4.6 2.5e+18
-1.8 -4.13333 0.106353
-1.8 -3.66667 2.5e+18
-1.8 -3.2 2.5e+18
-1.8 -2.73333 2.5e+18
-1.8 -2.26667 2.5e+18
-1.8 -1.8 0.181234
-1.8 -1.33333 2.77778e+18
-1.8 -0.866667 3.125e+18
-1.8 -0.4 0.184964
-1.8 0.0666667 0.188044
-1.8 0.533333 0.215046
-1.8 1 4.16667e+18
-1.4 -13 2.5e+19
-1.4 -12.5333 2.5e+19
-1.4 -12.0667 2.5e+19
-1.4 -11.6 2.5e+19
-1.4 -11.1333 2.5e+19
-1.4 -10.6667 2.5e+19
-1.4 -10.2 2.5e+19
-1.4 -9.73333 2.5e+19
-1.4 -9.26667 2.5e+19
-1.4 -8.8 2.5e+19
-1.4 -8.33333 2.5e+19
-1.4 -7.86667 2.25e+19
-1.4 -7.4 1.75e+19
-1.4 -6.93333 1e+19
-1.4 -6.46667 1e+19
-1.4 -6 1e+19
-1.4 -5.53333 7.5e+18
-1.4 -5.06667 2.5e+18
-1.4 -4.6 2.5e+18
-1.4 -4.13333 0.115862
-1.4 -3.66667 2.5e+18
-1.4 -3.2 2.5e+18
-1.4 -2.73333 2.5e+18
-1.4 -2.26667 2.5e+18
-1.4 -1.8 2.5e+18
-1.4 -1.33333 2.77778e+18
-1.4 -0.866667 2.5e+18
-1.4 -0.4 2.5e+18
-1.4 0.0666667 2.77778e+18
-1.4 0.533333 2.5e+18
-1.4 1 3.57143e+18
-1 -13 2.5e+19
-1 -12.5333 2.5e+19
-1 -12.0667 2.5e+19
-1 -11.6 2.5e+19
-1 -11.1333 2.5e+19
-1 -10.6667 2.5e+19
-1 -10.2 2.5e+19
-1 -9.73333 2.5e+19
-1 -9.26667 2.5e+19
-1 -8.8 2.5e+19
-1 -8.33333 2.5e+19
-1 -7.86667 2.25e+19
-1 -7.4 1.75e+19
-1 -6.93333 1.5e+19
-1 -6.46667 1e+19
-1 -6 1e+19
-1 -5.53333 1e+19
-1 -5.06667 2.5e+18
-1 -4.6 2.5e+18
-1 -4.13333 0.115653
-1 -3.66667 2.5e+18
-1 -3.2 2.5e+18
-1 -2.73333 2.5e+18
-1 -2.26667 2.5e+18
-1 -1.8 2.5e+18
-1 -1.33333 0.200038
-1 -0.866667 2.5e+18
-1 -0.4 2.5e+18
-1 0.0666667 2.5e+18
-1 0.533333 2.5e+18
-1 1 0.221695
-0.6 -13 2.5e+19
-0.6 -12.5333 2.5e+19
-0.6 -12.0667 2.5e+19
-0.6 -11.6 2.5e+19
-0.6 -11.1333 2.5e+19
-0.6 -10.6667 2.5e+19
-0.6 -10.2 2.5e+19
-0.6 -9.73333 2.5e+19
-0.6 -9.26667 2.5e+19
-0.6 -8.8 2.5e+19
-0.6 -8.33333 2.5e+19
-0.6 -7.86667 2e+19
-0.6 -7.4 1.5e+19
-0.6 -6.93333 1.5e+19
-0.6 -6.46667 1.25e+19
-0.6 -6 1e+19
-0.6 -5.53333 1e+19
-0.6 -5.06667 5e+18
-0.6 -4.6 2.5e+18
-0.6 -4.13333 0.112482
-0.6 -3.66667 2.5e+18
-0.6 -3.2 2.5e+18
-0.6 -2.73333 2.5e+18
-0.6 -2.26667 2.5e+18
-0.6 -1.8 2.5e+18
-0.6 -1.33333 2.5e+18
-0.6 -0.866667 2.5e+18
-0.6 -0.4 2.5e+18
-0.6 0.0666667 2.5e+18
-0.6 0.533333 2.5e+18
-0.6 1 3.125e+18
-0.2 -13 2.5e+19
-0.2 -12.5333 2.5e+19
-0.2 -12.0667 2.5e+19
-0.2 -11.6 2.5e+19
-0.2 -11.1333 2.5e+19
-0.2 -10.6667 2.5e+19
-0.2 -10.2 2.5e+19
-0.2 -9.73333 2.5e+19
-0.2 -9.26667 2.5e+19
-0.2 -8.8 2.5e+19
-0.2 -8.33333 2.5e+19
-0.2 -7.86667 2e+19
-0.2 -7.4 1.5e+19
-0.2 -6.93333 1.5e+19
-0.2 -6.46667 1.25e+19
-0.2 -6 1e+19
-0.2 -5.53333 7.5e+18
-0.2 -5.06667 5e+18
-0.2 -4.6 2.5e+18
-0.2 -4.13333 0.111862
-0.2 -3.66667 2.5e+18
-0.2 -3.2 2.5e+18
-0.2 -2.73333 2.5e+18
-0.2 -2.26667 2.5e+18
-0.2 -1.8 2.5e+18
-0.2 -1.33333 2.5e+18
-0.2 -0.866667 2.5e+18
-0.2 -0.4 2.5e+18
-0.2 0.0666667 2.77778e+18
-0.2 0.533333 2.77778e+18
-0.2 1 0.221091
0.2 -13 2.5e+19
0.2 -12.5333 2.5e+19
0.2 -12.0667 2.5e+19
0.2 -11.6 2.5e+19
0.2 -11.1333 2.5e+19
0.2 -10.6667 2.5e+19
0.2 -10.2 2.5e+19
0.2 -9.73333 2.5e+19
0.2 -9.26667 2.5e+19
0.2 -8.8 2.5e+19
0.2 -8.33333 2.5e+19
0.2 -7.86667 2e+19
0.2 -7.4 1.5e+19
0.2 -6.93333 1.5e+19
0.2 -6.46667 1.25e+19
0.2 -6 1e+19
0.2 -5.53333 7.5e+18
0.2 -5.06667 5e+18
0.2 -4.6 2.5e+18
0.2 -4.13333 0.112034
0.2 -3.66667 2.5e+18
0.2 -3.2 2.5e+18
0.2 -2.73333 2.5e+18
0.2 -2.26667 2.5e+18
0.2 -1.8 2.5e+18
0.2 -1.33333 2.5e+18
0.2 -0.866667 2.5e+18
0.2 -0.4 2.5e+18
0.2 0.0666667 2.5e+18
0.2 0.533333 2.77778e+18
0.2 1 2.5e+18
0.6 -13 2.5e+19
0.6 -12.5333 2.5e+19
0.6 -12.0667 2.5e+19
0.6 -11.6 2.5e+19
0.6 -11.1333 2.5e+19
0.6 -10.6667 2.5e+19
0.6 -10.2 2.5e+19
0.6 -9.73333 2.5e+19
0.6 -9.26667 2.5e+19
0.6 -8.8 2.5e+19
0.6 -8.33333 2.5e+19
0.6 -7.86667 2e+19
0.6 -7.4 1.5e+19
0.6 -6.93333 1.5e+19
0.6 -6.46667 1.25e+19
0.6 -6 1e+19
0.6 -5.53333 7.5e+18
0.6 -5.06667 5e+18
0.6 -4.6 2.5e+18
0.6 -4.13333 0.110669
0.6 -3.66667 2.5e+18
0.6 -3.2 2.5e+18
0.6 -2.73333 2.5e+18
0.6 -2.26667 2.5e+18
0.6 -1.8 2.5e+18
0.6 -1.33333 2.5e+18
0.6 -0.866667 2.5e+18
0.6 -0.4 2.5e+18
0.6 0.0666667 2.5e+18
0.6 0.533333 2.5e+18
0.6 1 2.5e+18
1 -13 2.5e+19
1 -12.5333 2.5e+19
1 -12.0667 2.5e+19
1 -11.6 2.5e+19
1 -11.1333 2.5e+19
1 -10.6667 2.5e+19
1 -10.2 2.5e+19
1 -9.73333 2.5e+19
1 -9.26667 2.5e+19
1 -8.8 2.5e+19
1 -8.33333 2.5e+19
1 -7.86667 2e+19
1 -7.4 1.5e+19
1 -6.93333 1.5e+19
1 -6.46667 1.25e+19
1 -6 1e+19
1 -5.53333 7.5e+18
1 -5.06667 5e+18
1 -4.6 2.5e+18
1 -4.13333 0.10674
1 -3.66667 2.5e+18
1 -3.2 2.5e+18
1 -2.73333 2.5e+18
1 -2.26667 2.5e+18
1 -1.8 2.5e+18
1 -1.33333 2.5e+18
1 -0.866667 2.5e+18
1 -0.4 2.5e+18
1 0.0666667 2.5e+18
1 0.533333 2.5e+18
1 1 2.5e+18
1.4 -13 2.5e+19
1.4 -12.5333 2.5e+19
1.4 -12.0667 2.5e+19
1.4 -11.6 2.5e+19
1.4 -11.1333 2.5e+19
1.4 -10.6667 2.5e+19
1.4 -10.2 2.5e+19
1.4 -9.73333 2.5e+19
1.4 -9.26667 2.5e+19
1.4 -8.8 2.5e+19
1.4 -8.33333 2.5e+19
1.4 -7.86667 2e+19
1.4 -7.4 1.5e+19
1.4 -6.93333 1.5e+19
1.4 -6.46667 1.25e+19
1.4 -6 1e+19
1.4 -5.53333 7.5e+18
1.4 -5.06667 7.5e+18
1.4 -4.6 5e+18
1.4 -4.13333 2.5e+18
1.4 -3.66667 2.5e+18
1.4 -3.2 2.5e+18
1.4 -2.73333 2.5e+18
1.4 -2.26667 2.5e+18
1.4 -1.8 2.5e+18
1.4 -1.33333 2.5e+18
1.4 -0.866667 2.5e+18
1.4 -0.4 2.5e+18
1.4 0.0666667 2.5e+18
1.4 0.533333 2.5e+18
1.4 1 2.5e+18
1.8 -13 2.5e+19
1.8 -12.5333 2.5e+19
1.8 -12.0667 2.5e+19
1.8 -11.6 2.5e+19
1.8 -11.1333 2.5e+19
1.8 -10.6667 2.5e+19
1.8 -10.2 2.5e+19
1.8 -9.73333 2.5e+19
1.8 -9.26667 2.5e+19
1.8 -8.8 2.5e+19
1.8 -8.33333 2.5e+19
1.8 -7.86667 2e+19
1.8 -7.4 1.5e+19
1.8 -6.93333 1.5e+19
1.8 -6.46667 1.25e+19
1.8 -6 1e+19
1.8 -5.53333 7.5e+18
1.8 -5.06667 7.5e+18
1.8 -4.6 5e+18
1.8 -4.13333 2.5e+18
1.8 -3.66667 2.5e+18
1.8 -3.2 2.5e+18
1.8 -2.73333 2.5e+18
1.8 -2.26667 2.5e+18
1.8 -1.8 2.5e+18
1.8 -1.33333 2.5e+18
1.8 -0.866667 2.5e+18
1.8 -0.4 2.5e+18
1.8 0.0666667 2.5e+18
1.8 0.533333 2.5e+18
1.8 1 2.5e+18
2.2 -13 2.5e+19
2.2 -12.5333 2.5e+19
2.2 -12.0667 2.5e+19
2.2 -11.6 2.5e+19
2.2 -11.1333 2.5e+19
2.2 -10.6667 2.5e+19
2.2 -10.2 2.5e+19
2.2 -9.73333 2.5e+19
2.2 -9.26667 2.5e+19
2.2 -8.8 2.5e+19
2.2 -8.33333 2.5e+19
2.2 -7.86667 2e+19
2.2 -7.4 1.5e+19
2.2 -6.93333 1.5e+19
2.2 -6.46667 1.25e+19
2.2 -6 1e+19
2.2 -5.53333 7.5e+18
2.2 -5.06667 7.5e+18
2.2 -4.6 5e+18
2.2 -4.13333 2.5e+18
2.2 -3.66667 2.5e+18
2.2 -3.2 2.5e+18
2.2 -2.73333 2.5e+18
2.2 -2.26667 2.5e+18
2.2 -1.8 2.5e+18
2.2 -1.33333 2.5e+18
2.2 -0.866667 2.5e+18
2.2 -0.4 2.5e+18
2.2 0.0666667 2.5e+18
2.2 0.533333 2.5e+18
2.2 1 2.5e+18
2.6 -13 2.5e+19
2.6 -12.5333 2.5e+19
2.6 -12.0667 2.5e+19
2.6 -11.6 2.5e+19
2.6 -11.1333 2.5e+19
2.6 -10.6667 2.5e+19
2.6 -10.2 2.5e+19
2.6 -9.73333 2.5e+19
2.6 -9.26667 2.5e+19
2.6 -8.8 2.5e+19
2.6 -8.33333 2.5e+19
2.6 -7.86667 2e+19
2.6 -7.4 1.5e+19
2.6 -6.93333 1.5e+19
2.6 -6.46667 1.25e+19
2.6 -6 1e+19
2.6 -5.53333 7.5e+18
2.6 -5.06667 7.5e+18
2.6 -4.6 5e+18
2.6 -4.13333 2.5e+18
2.6 -3.66667 2.5e+18
2.6 -3.2 2.5e+18
2.6 -2.73333 2.5e+18
2.6 -2.26667 2.5e+18
2.6 -1.8 2.5e+18
2.6 -1.33333 2.5e+18
2.6 -0.866667 2.5e+18
2.6 -0.4 2.5e+18
2.6 0.0666667 2.5e+18
2.6 0.533333 2.5e+18
2.6 1 2.5e+18
3 -13 2.5e+19
3 -12.5333 2.5e+19
3 -12.0667 2.5e+19
3 -11.6 2.5e+19
3 -11.1333 2.5e+19
3 -10.6667 2.5e+19
3 -10.2 2.5e+19
3 -9.73333 2.5e+19
3 -9.26667 2.5e+19
3 -8.8 2.5e+19
3 -8.33333 2.5e+19
3 -7.86667 2e+19
3 -7.4 1.5e+19
3 -6.93333 1.5e+19
3 -6.46667 1.25e+19
3 -6 1e+19
3 -5.53333 7.5e+18
3 -5.06667 7.5e+18
3 -4.6 7.5e+18
3 -4.13333 2.5e+18
3 -3.66667 2.5e+18
3 -3.2 2.5e+18
3 -2.73333 2.5e+18
3 -2.26667 2.5e+18
3 -1.8 2.5e+18
3 -1.33333 2.5e+18
3 -0.866667 2.5e+18
3 -0.4 2.5e+18
3 0.0666667 2.5e+18
3 0.533333 2.5e+18
3 1 2.5e+18
3.4 -13 2.5e+19
3.4 -12.5333 2.5e+19
3.4 -12.0667 2.5e+19
3.4 -11.6 2.5e+19
3.4 -11.1333 2.5e+19
3.4 -10.6667 2.5e+19
3.4 -10.2 2.5e+19
3.4 -9.73333 2.5e+19
3.4 -9.26667 2.5e+19
3.4 -8.8 2.5e+19
3.4 -8.33333 2.5e+19
3.4 -7.86667 2e+19
3.4 -7.4 1.5e+19
3.4 -6.93333 1.5e+19
3.4 -6.46667 1.25e+19
3.4 -6 1e+19
3.4 -5.53333 7.5e+18
3.4 -5.06667 7.5e+18
3.4 -4.6 7.5e+18
3.4 -4.13333 5e+18
3.4 -3.66667 2.5e+18
3.4 -3.2 2.5e+18
3.4 -2.73333 0.184268
3.4 -2.26667 2.5e+18
3.4 -1.8 2.5e+18
3.4 -1.33333 2.5e+18
3.4 -0.866667 2.5e+18
3.4 -0.4 2.5e+18
3.4 0.0666667 2.5e+18
3.4 0.533333 2.5e+18
3.4 1 2.5e+18
3.8 -13 2.5e+19
3.8 -12.5333 2.5e+19
3.8 -12.0667 2.5e+19
3.8 -11.6 2.5e+19
3.8 -11.1333 2.5e+19
3.8 -10.6667 2.5e+19
3.8 -10.2 2.5e+19
3.8 -9.73333 2.5e+19
3.8 -9.26667 2.5e+19
3.8 -8.8 2.5e+19
3.8 -8.33333 2.5e+19
3.8 -7.86667 2e+19
3.8 -7.4 1.5e+19
3.8 -6.93333 1.5e+19
3.8 -6.46667 1.25e+19
3.8 -6 1e+19
3.8 -5.53333 7.5e+18
3.8 -5.06667 7.5e+18
3.8 -4.6 7.5e+18
3.8 -4.13333 5e+18
3.8 -3.66667 2.5e+18
3.8 -3.2 0.160491
3.8 -2.73333 2.5e+18
3.8 -2.26667 2.5e+18
3.8 -1.8 2.5e+18
3.8 -1.33333 2.5e+18
3.8 -0.866667 2.5e+18
3.8 -0.4 2.5e+18
3.8 0.0666667 2.5e+18
3.8 0.533333 2.5e+18
3.8 1 2.5e+18
4.2 -13 2.5e+19
4.2 -12.5333 2.5e+19
4.2 -12.0667 2.5e+19
4.2 -11.6 2.5e+19
4.2 -11.1333 2.5e+19
4.2 -10.6667 2.5e+19
4.2 -10.2 2.5e+19
4.2 -9.73333 2.5e+19
4.2 -9.26667 2.5e+19
4.2 -8.8 2.5e+19
4.2 -8.33333 2.5e+19
4.2 -7.86667 2e+19
4.2 -7.4 1.5e+19
4.2 -6.93333 1.5e+19
4.2 -6.46667 1.25e+19
4.2 -6 1e+19
4.2 -5.53333 7.5e+18
4.2 -5.06667 7.5e+18
4.2 -4.6 7.5e+18
4.2 -4.13333 5e+18
4.2 -3.66667 2.5e+18
4.2 -3.2 0.164839
4.2 -2.73333 2.5e+18
4.2 -2.26667 2.5e+18
4.2 -1.8 2.5e+18
4.2 -1.33333 2.5e+18
4.2 -0.866667 2.5e+18
4.2 -0.4 2.5e+18
4.2 0.0666667 2.5e+18
4.2 0.533333 2.5e+18
4.2 1 2.5e+18
4.6 -13 2.5e+19
4.6 -12.5333 2.5e+19
4.6 -12.0667 2.5e+19
4.6 -11.6 2.5e+19
4.6 -11.1333 2.5e+19
4.6 -10.6667 2.5e+19
4.6 -10.2 2.5e+19
4.6 -9.73333 2.5e+19
4.6 -9.26667 2.5e+19
4.6 -8.8 2.5e+19
4.6 -8.33333 2.5e+19
4.6 -7.86667 2e+19
4.6 -7.4 1.5e+19
4.6 -6.93333 1.5e+19
4.6 -6.46667 1.25e+19
4.6 -6 1e+19
4.6 -5.53333 7.5e+18
4.6 -5.06667 7.5e+18
4.6 -4.6 7.5e+18
4.6 -4.13333 5e+18
4.6 -3.66667 2.5e+18
4.6 -3.2 0.166177
4.6 -2.73333 0.179227
4.6 -2.26667 2.5e+18
4.6 -1.8 2.5e+18
4.6 -1.33333 2.5e+18
4.6 -0.866667 2.5e+18
4.6 -0.4 2.5e+18
4.6 0.0666667 2.5e+18
4.6 0.533333 2.5e+18
4.6 1 2.5e+18
5 -13 2.5e+19
5 -12.5333 2.5e+19
5 -12.0667 2.5e+19
5 -11.6 2.5e+19
5 -11.1333 2.5e+19
5 -10.6667 2.5e+19
5 -10.2 2.5e+19
5 -9.73333 2.5e+19
5 -9.26667 2.5e+19
5 -8.8 2.5e+19
5 -8.33333 2.5e+19
5 -7.86667 2e+19
5 -7.4 1.5e+19
5 -6.93333 1.5e+19
5 -6.46667 1.25e+19
5 -6 1e+19
5 -5.53333 7.5e+18
5 -5.06667 7.5e+18
5 -4.6 7.5e+18
5 -4.13333 5e+18
5 -3.66667 2.5e+18
5 -3.2 0.162007
5 -2.73333 0.181625
5 -2.26667 2.5e+18
5 -1.8 2.5e+18
5 -1.33333 2.5e+18
5 -0.866667 2.5e+18
5 -0.4 2.5e+18
5 0.0666667 2.5e+18
5 0.533333 2.5e+18
5 1 2.5e+18
5.4 -13 2.5e+19
5.4 -12.5333 2.5e+19
5.4 -12.0667 2.5e+19
5.4 -11.6 2.5e+19
5.4 -11.1333 2.5e+19
5.4 -10.6667 2.5e+19
5.4 -10.2 2.5e+19
5.4 -9.73333 2.5e+19
5.4 -9.26667 2.5e+19
5.4 -8.8 2.5e+19
5.4 -8.33333 2.5e+19
5.4 -7.86667 2e+19
5.4 -7.4 1.5e+19
5.4 -6.93333 1.5e+19
5.4 -6.46667 1.25e+19
5.4 -6 1e+19
5.4 -5.53333 7.5e+18
5.4 -5.06667 7.5e+18
5.4 -4.6 7.5e+18
5.4 -4.13333 7.5e+18
5.4 -3.66667 2.5e+18
5.4 -3.2 0.161752
5.4 -2.73333 0.186003
5.4 -2.26667 2.5e+18
5.4 -1.8 2.5e+18
5.4 -1.33333 2.5e+18
5.4 -0.866667 2.5e+18
5.4 -0.4 2.5e+18
5.4 0.0666667 2.5e+18
5.4 0.533333 2.5e+18
5.4 1 2.5e+18
5.8 -13 2.5e+19
5.8 -12.5333 2.5e+19
5.8 -12.0667 2.5e+19
5.8 -11.6 2.5e+19
5.8 -11.1333 2.5e+19
5.8 -10.6667 2.5e+19
5.8 -10.2 2.5e+19
5.8 -9.73333 2.5e+19
5.8 -9.26667 2.5e+19
5.8 -8.8 2.5e+19
5.8 -8.33333 2.5e+19
5.8 -7.86667 2e+19
5.8 -7.4 1.5e+19
5.8 -6.93333 1.5e+19
5.8 -6.46667 1.25e+19
5.8 -6 1e+19
5.8 -5.53333 7.5e+18
5.8 -5.06667 7.5e+18
5.8 -4.6 7.5e+18
5.8 -4.13333 7.5e+18
5.8 -3.66667 2.5e+18
5.8 -3.2 0.156801
5.8 -2.73333 0.174228
5.8 -2.26667 2.5e+18
5.8 -1.8 2.5e+18
5.8 -1.33333 2.5e+18
5.8 -0.866667 2.5e+18
5.8 -0.4 2.5e+18
5.8 0.0666667 2.5e+18
5.8 0.533333 2.5e+18
5.8 1 2.5e+18
6.2 -13 2.5e+19
6.2 -12.5333 2.5e+19
6.2 -12.0667 2.5e+19
6.2 -11.6 2.5e+19
6.2 -11.1333 2.5e+19
6.2 -10.6667 2.5e+19
6.2 -10.2 2.5e+19
6.2 -9.73333 2.5e+19
6.2 -9.26667 2.5e+19
6.2 -8.8 2.5e+19
6.2 -8.33333 2.5e+19
6.2 -7.86667 2e+19
6.2 -7.4 1.5e+19
6.2 -6.93333 1.5e+19
6.2 -6.46667 1.25e+19
6.2 -6 1e+19
6.2 -5.53333 7.5e+18
6.2 -5.06667 7.5e+18
6.2 -4.6 7.5e+18
6.2 -4.13333 1e+19
6.2 -3.66667 2.5e+18
6.2 -3.2 2.5e+18
6.2 -2.73333 0.180235
6.2 -2.26667 2.5e+18
6.2 -1.8 2.5e+18
6.2 -1.33333 2.5e+18
6.2 -0.866667 2.5e+18
6.2 -0.4 2.5e+18
6.2 0.0666667 2.5e+18
6.2 0.533333 2.5e+18
6.2 1 2.5e+18
6.6 -13 2.5e+19
6.6 -12.5333 2.5e+19
6.6 -12.0667 2.5e+19
6.6 -11.6 2.5e+19
6.6 -11.1333 2.5e+19
6.6 -10.6667 2.5e+19
6.6 -10.2 2.5e+19
6.6 -9.73333 2.5e+19
6.6 -9.26667 2.5e+19
6.6 -8.8 2.5e+19
6.6 -8.33333 2.5e+19
6.6 -7.86667 2e+19
6.6 -7.4 1.5e+19
6.6 -6.93333 1.5e+19
6.6 -6.46667 1.25e+19
6.6 -6 1e+19
6.6 -5.53333 7.5e+18
6.6 -5.06667 7.5e+18
6.6 -4.6 7.5e+18
6.6 -4.13333 1.25e+19
6.6 -3.66667 2.5e+18
6.6 -3.2 2.5e+18
6.6 -2.73333 0.169904
6.6 -2.26667 0.191228
6.6 -1.8 2.5e+18
6.6 -1.33333 2.5e+18
6.6 -0.866667 2.5e+18
6.6 -0.4 2.5e+18
6.6 0.0666667 2.5e+18
6.6 0.533333 2.5e+18
6.6 1 2.5e+18
7 -13 2.5e+19
7 -12.5333 2.5e+19
7 -12.0667 2.5e+19
7 -11.6 2.5e+19
7 -11.1333 2.5e+19
7 -10.6667 2.5e+19
7 -10.2 2.5e+19
7 -9.73333 2.5e+19
7 -9.26667 2.5e+19
7 -8.8 2.5e+19
7 -8.33333 2.5e+19
7 -7.86667 2e+19
7 -7.4 1.5e+19
7 -6.93333 1.5e+19
7 -6.46667 1.25e+19
7 -6 1e+19
7 -5.53333 7.5e+18
7 -5.06667 7.5e+18
7 -4.6 7.5e+18
7 -4.13333 1.25e+19
7 -3.66667 2.5e+18
7 -3.2 2.5e+18
7 -2.73333 2.5e+18
7 -2.26667 0.187082
7 -1.8 2.5e+18
7 -1.33333 2.5e+18
7 -0.866667 2.5e+18
7 -0.4 2.5e+18
7 0.0666667 2.5e+18
7 0.533333 2.5e+18
7 1 2.5e+18
7.4 -13 2.5e+19
7.4 -12.5333 2.5e+19
7.4 -12.0667 2.5e+19
7.4 -11.6 2.5e+19
7.4 -11.1333 2.5e+19
7.4 -10.6667 2.5e+19
7.4 -10.2 2.5e+19
7.4 -9.73333 2.5e+19
7.4 -9.26667 2.5e+19
7.4 -8.8 2.5e+19
7.4 -8.33333 2.5e+19
7.4 -7.86667 2e+19
7.4 -7.4 1.5e+19
7.4 -6.93333 1.5e+19
7.4 -6.46667 1.25e+19
7.4 -6 1e+19
7.4 -5.53333 7.5e+18
7.4 -5.06667 7.5e+18
7.4 -4.6 7.5e+18
7.4 -4.13333 1.25e+19
7.4 -3.66667 2.5e+18
7.4 -3.2 2.5e+18
7.4 -2.73333 5e+18
7.4 -2.26667 0.19156
7.4 -1.8 2.5e+18
7.4 -1.33333 2.5e+18
7.4 -0.866667 2.5e+18
7.4 -0.4 2.5e+18
7.4 0.0666667 2.5e+18
7.4 0.533333 2.5e+18
7.4 1 2.5e+18
7.8 -13 2.5e+19
7.8 -12.5333 2.5e+19
7.8 -12.0667 2.5e+19
7.8 -11.6 2.5e+19
7.8 -11.1333 2.5e+19
7.8 -10.6667 2.5e+19
7.8 -10.2 2.5e+19
7.8 -9.73333 2.5e+19
7.8 -9.26667 2.5e+19
7.8 -8.8 2.5e+19
7.8 -8.33333 2.5e+19
7.8 -7.86667 2e+19
7.8 -7.4 1.5e+19
7.8 -6.93333 1.5e+19
7.8 -6.46667 1.25e+19
7.8 -6 1e+19
7.8 -5.53333 7.5e+18
7.8 -5.06667 7.5e+18
7.8 -4.6 7.5e+18
7.8 -4.13333 1.25e+19
7.8 -3.66667 2.5e+18
7.8 -3.2 2.5e+18
7.8 -2.73333 2.5e+18
7.8 -2.26667 2.5e+18
7.8 -1.8 2.5e+18
7.8 -1.33333 2.5e+18
7.8 -0.866667 2.5e+18
7.8 -0.4 2.5e+18
7.8 0.0666667 2.5e+18
7.8 0.533333 2.5e+18
7.8 1 2.5e+18
8.2 -13 2.5e+19
8.2 -12.5333 2.5e+19
8.2 -12.0667 2.5e+19
8.2 -11.6 2.5e+19
8.2 -11.1333 2.5e+19
8.2 -10.6667 2.5e+19
8.2 -10.2 2.5e+19
8.2 -9.73333 2.5e+19
8.2 -9.26667 2.5e+19
8.2 -8.8 2.5e+19
8.2 -8.33333 2.5e+19
8.2 -7.86667 2e+19
8.2 -7.4 1.5e+19
8.2 -6.93333 1.5e+19
8.2 -6.46667 1.25e+19
8.2 -6 1e+19
8.2 -5.53333 7.5e+18
8.2 -5.06667 7.5e+18
8.2 -4.6 7.5e+18
8.2 -4.13333 1.25e+19
8.2 -3.66667 2.5e+18
8.2 -3.2 2.5e+18
8.2 -2.73333 2.5e+18
8.2 -2.26667 2.5e+18
8.2 -1.8 2.5e+18
8.2 -1.33333 2.5e+18
8.2 -0.866667 2.5e+18
8.2 -0.4 2.5e+18
8.2 0.0666667 2.5e+18
8.2 0.533333 2.5e+18
8.2 1 2.5e+18
8.6 -13 2.5e+19
8.6 -12.5333 2.5e+19
8.6 -12.0667 2.5e+19
8.6 -11.6 2.5e+19
8.6 -11.1333 2.5e+19
8.6 -10.6667 2.5e+19
8.6 -10.2 2.5e+19
8.6 -9.73333 2.5e+19
8.6 -9.26667 2.5e+19
8.6 -8.8 2.5e+19
8.6 -8.33333 2.5e+19
8.6 -7.86667 2e+19
8.6 -7.4 1.5e+19
8.6 -6.93333 1.5e+19
8.6 -6.46667 1.25e+19
8.6 -6 1e+19
8.6 -5.53333 7.5e+18
8.6 -5.06667 7.5e+18
8.6 -4.6 7.5e+18
8.6 -4.13333 1.25e+19
8.6 -3.66667 5e+18
8.6 -3.2 2.5e+18
8.6 -2.73333 2.5e+18
8.6 -2.26667 0.185649
8.6 -1.8 2.5e+18
8.6 -1.33333 2.5e+18
8.6 -0.866667 2.5e+18
8.6 -0.4 2.5e+18
8.6 0.0666667 2.5e+18
8.6 0.533333 2.5e+18
8.6 1 2.5e+18
9 -13 2.5e+19
9 -12.5333 2.5e+19
9 -12.0667 2.5e+19
9 -11.6 2.5e+19
9 -11.1333 2.5e+19
9 -10.6667 2.5e+19
9 -10.2 2.5e+19
9 -9.73333 2.5e+19
9 -9.26667 2.5e+19
9 -8.8 2.5e+19
9 -8.33333 2.5e+19
9 -7.86667 2e+19
9 -7.4 1.5e+19
9 -6.93333 1.5e+19
9 -6.46667 1.25e+19
9 -6 1e+19
9 -5.53333 7.5e+18
9 -5.06667 7.5e+18
9 -4.6 7.5e+18
9 -4.13333 1.25e+19
9 -3.66667 7.5e+18
9 -3.2 2.5e+18
9 -2.73333 2.5e+18
9 -2.26667 2.5e+18
9 -1.8 2.5e+18
9 -1.33333 2.5e+18
9 -0.866667 2.5e+18
9 -0.4 2.5e+18
9 0.0666667 2.5e+18
9 0.533333 2.5e+18
9 1 2.5e+18
-2.32 -6.95667 2.5e+19
-2.26 -7.16667 0.00937931
-2.26 -7.09667 0.0114258
-2.26 -7.02667 1.25e+19
-2.26 -6.95667 1.25e+19
-2.26 -6.88667 0.0160221
-2.26 -6.81667 0.0175686
-2.26 -6.39667 0.0299573
-2.26 -6.25667 1e+19
-2.26 -6.18667 0.0274055
-2.26 -5.90667 0.0319572
-2.26 -5.83667 2.5e+19
-2.2 -7.16667 1.5e+19
-2.2 -7.09667 1.38889e+19
-2.2 -7.02667 1.5e+19
-2.2 -6.95667 1.25e+19
-2.2 -6.88667 1.25e+19
-2.2 -6.81667 0.0208658
-2.2 -6.74667 0.0230718
-2.2 -6.67667 0.0252993
-2.2 -6.60667 0.0275566
-2.2 -6.53667 0.0298299
-2.2 -6.46667 0.0299431
-2.2 -6.39667 0.0322397
-2.2 -6.32667 0.0226932
-2.2 -6.25667 1.07143e+19
-2.2 -6.18667 1.5e+19
-2.2 -6.11667 2.5e+19
-2.2 -6.04667 2.5e+19
-2.2 -5.97667 1.07143e+19
-2.2 -5.90667 9.375e+18
-2.2 -5.83667 1e+19
-2.2 -5.76667 8.33333e+18
-2.14 -7.16667 1.5e+19
-2.14 -7.09667 1.5e+19
-2.14 -7.02667 1.5e+19
-2.14 -6.95667 1.5e+19
-2.14 -6.88667 1.25e+19
-2.14 -6.81667 1e+19
-2.14 -6.74667 1e+19
-2.14 -6.67667 1e+19
-2.14 -6.60667 1e+19
-2.14 -6.53667 7.5e+18
-2.14 -6.46667 7.5e+18
-2.14 -6.39667 7.5e+18
-2.14 -6.32667 7.5e+18
-2.14 -6.25667 7.5e+18
-2.14 -6.18667 7.5e+18
-2.14 -6.11667 7.5e+18
-2.14 -6.04667 7.5e+18
-2.14 -5.97667 7.5e+18
-2.14 -5.90667 7.5e+18
-2.14 -5.83667 7.5e+18
-2.14 -5.76667 5e+18
-2.08 -7.16667 1.5e+19
-2.08 -7.09667 1.5e+19
-2.08 -7.02667 1.25e+19
-2.08 -6.95667 1.25e+19
-2.08 -6.88667 1.25e+19
-2.08 -6.81667 1.25e+19
-2.08 -6.74667 1.25e+19
-2.08 -6.67667 1.25e+19
-2.08 -6.60667 1e+19
-2.08 -6.53667 7.5e+18
-2.08 -6.46667 7.5e+18
-2.08 -6.39667 7.5e+18
-2.08 -6.32667 7.5e+18
-2.08 -6.25667 7.5e+18
-2.08 -6.18667 7.5e+18
-2.08 -6.11667 7.5e+18
-2.08 -6.04667 7.5e+18
-2.08 -5.97667 7.5e+18
-2.08 -5.90667 7.5e+18
-2.08 -5.83667 7.5e+18
-2.08 -5.76667 7.5e+18
-2.02 -7.16667 1.5e+19
-2.02 -7.09667 1.5e+19
-2.02 -7.02667 1.5e+19
-2.02 -6.95667 1.5e+19
-2.02 -6.88667 1.25e+19
-2.02 -6.81667 1.25e+19
-2.02 -6.74667 1.25e+19
-2.02 -6.67667 1.25e+19
-2.02 -6.60667 1e+19
-2.02 -6.53667 1e+19
-2.02 -6.46667 1e+19
-2.02 -6.39667 7.5e+18
-2.02 -6.32667 7.5e+18
-2.02 -6.25667 7.5e+18
-2.02 -6.18667 7.5e+18
-2.02 -6.11667 7.5e+18
-2.02 -6.04667 7.5e+18
-2.02 -5.97667 7.5e+18
-2.02 -5.90667 7.5e+18
-2.02 -5.83667 7.5e+18
-2.02 -5.76667 5.55556e+18
-1.96 -7.16667 1.5e+19
-1.96 -7.09667 1.5e+19
-1.96 -7.02667 1.5e+19
-1.96 -6.95667 1.5e+19
-1.96 -6.88667 1.25e+19
-1.96 -6.81667 1.25e+19
-1.96 -6.74667 1.25e+19
-1.96 -6.67667 1.25e+19
-1.96 -6.60667 1e+19
-1.96 -6.53667 1e+19
-1.96 -6.46667 1e+19
-1.96 -6.39667 1e+19
-1.96 -6.32667 7.5e+18
-1.96 -6.25667 7.5e+18
-1.96 -6.18667 7.5e+18
-1.96 -6.11667 7.5e+18
-1.96 -6.04667 7.5e+18
-1.96 -5.97667 7.5e+18
-1.96 -5.90667 7.5e+18
-1.96 -5.83667 7.5e+18
-1.96 -5.76667 7.5e+18
-1.9 -7.16667 1.5e+19
-1.9 -7.09667 1.5e+19
-1.9 -7.02667 1.5e+19
-1.9 -6.95667 1.25e+19
-1.9 -6.88667 1.25e+19
-1.9 -6.81667 1.25e+19
-1.9 -6.74667 1.25e+19
-1.9 -6.67667 1e+19
-1.9 -6.60667 1e+19
-1.9 -6.53667 1e+19
-1.9 -6.46667 1e+19
-1.9 -6.39667 1e+19
-1.9 -6.32667 1e+19
-1.9 -6.25667 7.5e+18
-1.9 -6.18667 7.5e+18
-1.9 -6.11667 7.5e+18
-1.9 -6.04667 7.5e+18
-1.9 -5.97667 7.5e+18
-1.9 -5.90667 7.5e+18
-1.9 -5.83667 7.5e+18
-1.9 -5.76667 7.5e+18
-1.84 -7.16667 1.5e+19
-1.84 -7.09667 1.5e+19
-1.84 -7.02667 1.5e+19
-1.84 -6.95667 1.25e+19
-1.84 -6.88667 1.25e+19
-1.84 -6.81667 1.25e+19
-1.84 -6.74667 1.25e+19
-1.84 -6.67667 1e+19
-1.84 -6.60667 1e+19
-1.84 -6.53667 1e+19
-1.84 -6.46667 1e+19
-1.84 -6.39667 1e+19
-1.84 -6.32667 1e+19
-1.84 -6.25667 1e+19
-1.84 -6.18667 7.5e+18
-1.84 -6.11667 7.5e+18
-1.84 -6.04667 7.5e+18
-1.84 -5.97667 7.5e+18
-1.84 -5.90667 7.5e+18
-1.84 -5.83667 7.5e+18
-1.84 -5.76667 7.5e+18
-1.78 -7.16667 1.5e+19
-1.78 -7.09667 1.5e+19
-1.78 -7.02667 1.25e+19
-1.78 -6.95667 1.25e+19
-1.78 -6.88667 1.25e+19
-1.78 -6.81667 1.25e+19
-1.78 -6.74667 1e+19
-1.78 -6.67667 1e+19
-1.78 -6.60667 1e+19
-1.78 -6.53667 1e+19
-1.78 -6.46667 1e+19
-1.78 -6.39667 1e+19
-1.78 -6.32667 1e+19
-1.78 -6.25667 1e+19
-1.78 -6.18667 1e+19
-1.78 -6.11667 7.5e+18
-1.78 -6.04667 7.5e+18
-1.78 -5.97667 7.5e+18
-1.78 -5.90667 7.5e+18
-1.78 -5.83667 7.5e+18
-1.78 -5.76667 1e+19
-1.72 -7.16667 1.5e+19
-1.72 -7.09667 1.5e+19
-1.72 -7.02667 1.25e+19
-1.72 -6.95667 1.25e+19
-1.72 -6.88667 1.25e+19
-1.72 -6.81667 1.25e+19
-1.72 -6.74667 1e+19
-1.72 -6.67667 1e+19
-1.72 -6.60667 1e+19
-1.72 -6.53667 1e+19
-1.72 -6.46667 1e+19
-1.72 -6.39667 1e+19
-1.72 -6.32667 1e+19
-1.72 -6.25667 1e+19
-1.72 -6.18667 1e+19
-1.72 -6.11667 1e+19
-1.72 -6.04667 7.5e+18
-1.72 -5.97667 7.5e+18
-1.72 -5.90667 7.5e+18
-1.72 -5.83667 7.5e+18
-1.72 -5.76667 1e+19
-1.66 -7.16667 1.5e+19
-1.66 -7.09667 1.5e+19
-1.66 -7.02667 1.25e+19
-1.66 -6.95667 1.25e+19
-1.66 -6.88667 1.25e+19
-1.66 -6.81667 1e+19
-1.66 -6.74667 1e+19
-1.66 -6.67667 1e+19
-1.66 -6.60667 1e+19
-1.66 -6.53667 1e+19
-1.66 -6.46667 1e+19
-1.66 -6.39667 1e+19
-1.66 -6.32667 1e+19
-1.66 -6.25667 1e+19
-1.66 -6.18667 1e+19
-1.66 -6.11667 1e+19
-1.66 -6.04667 1e+19
-1.66 -5.97667 7.5e+18
-1.66 -5.90667 7.5e+18
-1.66 -5.83667 7.5e+18
-1.66 -5.76667 1e+19
-1.6 -7.16667 1.75e+19
-1.6 -7.09667 1.5e+19
-1.6 -7.02667 1.25e+19
-1.6 -6.95667 1.25e+19
-1.6 -6.88667 1e+19
-1.6 -6.81667 1e+19
-1.6 -6.74667 1e+19
-1.6 -6.67667 1e+19
-1.6 -6.60667 1e+19
-1.6 -6.53667 1e+19
-1.6 -6.46667 1e+19
-1.6 -6.39667 1e+19
-1.6 -6.32667 1e+19
-1.6 -6.25667 1e+19
-1.6 -6.18667 1e+19
-1.6 -6.11667 1e+19
-1.6 -6.04667 1e+19
-1.6 -5.97667 7.5e+18
-1.6 -5.90667 7.5e+18
-1.6 -5.83667 7.5e+18
-1.6 -5.76667 1e+19
-2.272 -7.23667 0.0108441
-2.26 -7.23667 0.00739516
-2.26 -7.22267 0.00778649
-2.26 -7.20867 0.00818067
-2.26 -7.19467 0.00857759
-2.26 -7.18067 0.00897717
-2.26 -7.16667 0.00937931
-2.26 -7.15267 0.00978394
-2.26 -7.13867 0.010191
-2.26 -7.12467 0.0106003
-2.26 -7.11067 0.0110119
-2.26 -7.09667 0.0114258
-2.248 -7.23667 1e+19
-2.248 -7.22267 1e+19
-2.248 -7.20867 1e+19
-2.248 -7.19467 0.00873634
-2.248 -7.18067 0.00913764
-2.248 -7.16667 0.0095415
-2.248 -7.15267 0.00994784
-2.248 -7.13867 0.0103566
-2.248 -7.12467 0.0107676
-2.248 -7.11067 0.0111809
-2.248 -7.09667 0.0115964
-2.236 -7.23667 1.25e+19
-2.236 -7.22267 1e+19
-2.236 -7.20867 1e+19
-2.236 -7.19467 1e+19
-2.236 -7.18067 1e+19
-2.236 -7.16667 1e+19
-2.236 -7.15267 1e+19
-2.236 -7.13867 1e+19
-2.236 -7.12467 1e+19
-2.236 -7.11067 0.0113507
-2.236 -7.09667 0.0117679
-2.224 -7.23667 1.42857e+19
-2.224 -7.22267 1.25e+19
-2.224 -7.20867 1.25e+19
-2.224 -7.19467 1.25e+19
-2.224 -7.18067 1.25e+19
-2.224 -7.16667 1.25e+19
-2.224 -7.15267 1.25e+19
-2.224 -7.13867 1.25e+19
-2.224 -7.12467 1.25e+19
-2.224 -7.11067 1.25e+19
-2.224 -7.09667 1e+19
-2.212 -7.23667 1.66667e+19
-2.212 -7.22267 1.66667e+19
-2.212 -7.20867 1.38889e+19
-2.212 -7.19467 1.38889e+19
-2.212 -7.18067 1.38889e+19
-2.212 -7.16667 1.38889e+19
-2.212 -7.15267 1.38889e+19
-2.212 -7.13867 1.42857e+19
-2.212 -7.12467 1.42857e+19
-2.212 -7.11067 1.42857e+19
-2.212 -7.09667 1.25e+19
-2.2 -7.23667 1.75e+19
-2.2 -7.22267 1.75e+19
-2.2 -7.20867 1.5e+19
-2.2 -7.19467 1.5e+19
-2.2 -7.18067 1.5e+19
-2.2 -7.16667 1.5e+19
-2.2 -7.15267 1.5e+19
-2.2 -7.13867 1.38889e+19
-2.2 -7.12467 1.38889e+19
-2.2 -7.11067 1.38889e+19
-2.2 -7.09667 1.38889e+19
